Vertical	Horizoltal
0	0
0	0
0	0
0	0
0	0
0	0
0	0
0	0
0	0
0	0
0	0
0	0
0	0
0	0
0	0
0	0
0	0
0	0
0	0
0	0
0	0
0	0
0	0
0	0
0	0
0	0
0	0
0	0
0	0
0	0
0	0
0	0
0	0
0	0
0	0
0	0
0	0
0	0
0	0
0	0
0	0
0	0
0.03514392	0
0.07342474	0
0.1217517	0
0.1799138	0
0.2480162	0
0.3277297	0
0.4204322	0
0.5268292	0
0.6461319	0
0.7794485	0
0.9261062	0
1.245148	0
1.417331	0
1.603403	0
1.802119	0
2.002119	0
2.202119	0
2.402119	0
2.602119	0
2.802119	-0.01453218
3.202119	-0.09370916
3.402119	-0.1432405
3.602119	-0.2027101
3.802119	-0.272317
4.002119	-0.3533729
4.202119	-0.4478412
4.402119	-0.5553374
4.602118	-0.6761599
4.802118	-0.8102001
5.002118	-0.9570612
5.402118	-1.277223
5.602118	-1.451074
5.802117	-1.637925
6.002117	-1.837925
6.202117	-2.037925
6.402117	-2.237925
6.602117	-2.437925
6.802116	-2.637925
7.002116	-2.837925
7.402116	-3.237925
7.45	-3.437925
7.45	-3.637925
7.45	-3.837925
7.45	-4.037925
7.45	-4.237925
7.45	-4.437925
7.45	-4.637925
7.45	-4.837924
7.45	-5.237924
7.45	-5.437924
7.45	-5.637924
7.45	-5.837924
7.45	-6.037923
7.45	-6.237923
7.45	-6.437923
7.45	-6.637923
7.45	-6.837923
7.45	-7.237922
7.45	-7.437922
7.437043	-7.45
7.411618	-7.45
7.399038	-7.45
7.389096	-7.45
7.379158	-7.45
7.379158	-7.45
7.173659	-7.45
7.173659	-7.45
7.128043	-7.45
7.072438	-7.45
7.004866	-7.45
6.924676	-7.45
6.831019	-7.45
6.724605	-7.45
6.604652	-7.45
6.338283	-7.45
6.192116	-7.45
6.032038	-7.45
5.859491	-7.45
5.673728	-7.45
5.47452	-7.45
5.27452	-7.436553
4.874521	-7.409952
4.674521	-7.400008
4.474521	-7.390068
4.274521	-7.379898
4.074522	-7.368565
3.874521	-7.355501
3.674521	-7.341551
3.474521	-7.328323
3.274521	-7.315274
3.074521	-7.302271
2.874521	-7.289012
2.474521	-7.274654
2.274521	-7.261939
2.074521	-7.25
1.874521	-7.25
1.674521	-7.25
1.474521	-7.25
1.274521	-7.25
1.074521	-7.25
0.8745208	-7.25
0.4745209	-7.25
0.2745209	-7.25
0.07452089	-7.25
-0.1254791	-7.25
-0.3254791	-7.25
-0.5254791	-7.25
-0.7254791	-7.25
-0.9254791	-7.25
-1.125479	-7.25
-1.525479	-7.25
-1.725479	-7.25
-1.925479	-7.25
-2.125479	-7.25
-2.325479	-7.25
-2.525479	-7.25
-2.725479	-7.25
-3.125479	-7.25
-3.32548	-7.25
-3.52548	-7.25
-3.72548	-7.25
-3.92548	-7.25
-4.12548	-7.25
-4.32548	-7.25
-4.725479	-7.25
-4.925479	-7.25
-5.125479	-7.25
-5.325479	-7.25
-5.525478	-7.25
-5.725478	-7.25
-6.125478	-7.25
-6.325478	-7.25
-6.525477	-7.25
-6.725477	-7.25
-6.925477	-7.25
-7.125477	-7.25
-7.45	-7.25
-7.45	-7.25
-7.45	-7.25
-7.45	-7.236547
-7.422382	-7.154407
-7.407271	-7.042045
-7.407271	-7.042045
-7.38728	-6.965871
-7.377451	-6.87987
-7.36355	-6.779967
-7.350391	-6.666906
-7.336909	-6.540363
-7.323098	-6.259655
-7.308637	-6.104839
-7.29526	-5.936646
-7.280536	-5.75373
-7.266801	-5.557078
-7.253254	-5.357078
-7.25	-4.957078
-7.25	-4.757079
-7.25	-4.557079
-7.25	-4.357079
-7.25	-4.157079
-7.25	-3.757079
-7.25	-3.557079
-7.25	-3.357079
-7.25	-3.157079
-7.25	-2.957079
-7.25	-2.757079
-7.25	-2.357079
-7.25	-2.157079
-7.25	-1.957079
-7.25	-1.757079
-7.25	-1.557079
-7.25	-1.357079
-7.25	-0.9570785
-7.235527	-0.7570785
-7.149795	-0.3570786
-7.096868	-0.1570786
-7.034122	0.04292142
-6.961209	0.2429214
-6.875183	0.4429214
-6.80371	0.6429214
-6.710944	1.042921
-6.674505	1.242921
-6.648094	1.442921
-6.631535	1.642921
-6.627449	1.842921
-6.627449	2.042922
-6.627449	2.242922
-6.627449	2.442922
-6.627449	2.642922
-6.627449	2.842922
-6.627449	3.042922
-6.627449	3.242922
-6.627449	3.442922
-6.627449	3.642922
-6.627449	4.042922
-6.627449	4.242922
-6.627449	4.442922
-6.627449	4.642921
-6.627449	4.842921
-6.641679	5.042921
-6.721286	5.442921
-6.771033	5.64292
-6.830718	5.84292
-6.900346	6.04292
-6.981614	6.24292
-7.075671	6.44292
-7.156475	6.64292
-7.264574	7.042919
-7.294106	7.242919
-7.283931	7.442919
-7.274116	7.45
-7.262022	7.45
-7.25	7.45
-7.25	7.45
-7.236585	7.45
-7.156083	7.45
-7.10589	7.45
-7.045758	7.45
-6.975605	7.45
-6.892351	7.4369
-6.672855	7.410406
-6.553161	7.400459
-6.423307	7.3903
-6.283625	7.380471
-6.131063	7.367592
-5.964665	7.353755
-5.785806	7.341295
-5.592945	7.327292
-5.392945	7.31406
-5.192945	7.301407
-4.992945	7.287475
-4.792945	7.275198
-4.592946	7.26177
-4.192946	7.25
-3.992946	7.25
-3.792946	7.25
-3.592946	7.25
-3.392946	7.25
-3.192946	7.25
-2.992946	7.25
-2.792946	7.25
-2.392946	7.25
-2.192945	7.25
-1.992945	7.25
-1.792945	7.25
-1.592945	7.25
-1.392945	7.25
-1.192945	7.25
-0.9929453	7.25
-0.7929453	7.25
-0.5929453	7.25
-0.3929453	7.25
0.007054687	7.25
0.2070547	7.25
0.4070547	7.25
0.6070547	7.25
0.8070546	7.25
1.007055	7.25
1.207055	7.25
1.407055	7.25
1.607055	7.25
2.007055	7.25
2.207055	7.25
2.407055	7.25
2.607055	7.25
2.807055	7.25
3.207055	7.25
3.407055	7.25
3.407055	7.25
3.607055	7.25
4.007055	7.25
4.207055	7.25
4.407055	7.25
4.607055	7.25
4.807055	7.25
5.007054	7.25
5.207054	7.25
5.407054	7.25
5.607054	7.25
6.007053	7.25
6.207053	7.25
6.407053	7.25
6.607053	7.25
6.807053	7.25
7.007052	7.25
7.207052	7.25
7.407052	7.25
7.45	7.25
7.45	7.25
7.45	7.25
7.45	7.25
7.45	7.25
7.45	7.25
7.45	7.25
7.45	7.25
7.436851	7.25
7.411325	7.25
7.401383	7.25
7.390878	7.25
7.381212	7.25
7.370596	7.25
7.356547	7.235951
7.25	7.156754
7.235967	7.103122
7.211994	7.039549
7.17808	6.966036
7.134218	6.882575
7.078444	6.787201
7.009964	6.679122
6.927416	6.556975
6.832537	6.422497
6.723567	6.273927
6.601006	6.111767
6.466036	5.937198
6.317565	5.749128
5.993436	5.349128
5.819256	5.149128
5.631603	4.949129
5.431603	4.749129
5.231603	4.549129
5.031603	4.349129
4.831604	4.149129
4.631604	3.949129
4.431604	3.749129
4.231604	3.549129
3.831604	3.149129
3.631604	2.949129
3.431604	2.749129
3.231604	2.549129
3.031604	2.349129
2.845626	2.163151
2.524086	1.841611
2.373312	1.690837
2.232425	1.54995
2.101475	1.419001
1.982527	1.300052
1.876859	1.194384
1.785161	1.102686
1.706357	1.023882
1.641565	0.9590902
1.590009	0.9075339
1.513562	0.8310874
1.487672	0.8051974
1.476976	0.7945011
1.476976	0.7945011
1.476976	0.7945011
1.476976	0.7945011
1.476976	0.7945011
1.476976	0.7945011
1.476976	0.7945011
1.476976	0.7945011
1.476976	0.7945011
1.476976	0.7945011
1.476976	0.7945011
1.476976	0.7945011
1.476976	0.7945011
1.476976	0.7945011
1.476976	0.7945011
1.476976	0.7945011
1.476976	0.7945011
1.476976	0.7945011
1.476976	0.7945011
1.476976	0.7945011
1.476976	0.7945011
1.476976	0.7945011
1.476976	0.7945011
1.476976	0.7945011
1.476976	0.7945011
1.476976	0.7945011
1.476976	0.7945011
1.476976	0.7945011
1.476976	0.7945011
