Horizoltal	Vertical
0	0
0	0
0	0
0	0
0	0
0	0
0	0
0	0
0	0
0	0
0	0
0	0
0	0
0	0
0	0
0	0
0	0
0	0
0	0
0	0
0	0
0	0
0	0
0	0
0	0
0	0
0	0
0	0
0	0
0	0
0	0
0	0
0	0
0	0
0	0
0	0
0	0
0	0
0	0
0	0
0	0
0	0
0	0
0	0
0	0
0	0
0	0
0	0
0	0
0	0
0	0
0	0
0	0
0	0
0	0
0	0
0	0
0	0
0	0
0	0
0	0
0	0
0	0
0	0
0	0
0	0
0	0
0	0
0	0
0	0
0	0
0	0
0	0
0	0.01036355
0	0.03645302
0	0.07248326
0	0.175726
0	0.175726
0	0.2472282
0	0.3291162
0	0.4208545
0	0.522192
0	0.522192
0	0.6036655
0	0.6750756
0	0.7319251
0	0.7788326
0	0.815801
0	0.8627753
0	0.9196246
0	0.9864456
0	0.9864456
0	1.073114
0	1.169839
0	1.276543
0	1.3723
0	1.458116
0	1.458116
0	1.524052
0	1.580047
0	1.626103
0	1.662219
0	1.708459
0	1.708459
0	1.753403
0	1.787947
0	1.81301
0	1.828019
0	1.833202
0	1.833202
0	1.833202
0	1.833202
0	1.833202
0	1.833202
0	1.844153
0	1.865045
0	1.865045
0	1.906163
0	1.956876
0	2.017528
0	2.088527
0	2.169529
0	2.169529
0	2.272974
0	2.386744
0	2.510308
0	2.643574
0	2.787123
0	2.940666
0	2.940666
0	3.113692
0	3.296658
0	3.489565
0	3.689565
0	3.889565
0	4.089565
0	4.089565
0	4.289565
0	4.489565
0	4.680073
0	4.859134
0	5.028016
0	5.186022
0	5.186022
0	5.323949
0	5.452134
0	5.570322
0	5.678627
0	5.678627
0	5.766915
0	5.844923
0	5.913206
0	5.970653
0	6.018159
0	6.075604
0	6.075604
0	6.153261
0	6.240527
0	6.337989
0	6.445143
0	6.562306
0	6.562306
0	6.700478
0	6.848549
0	7.006556
0	7.174811
0	7.352697
0	7.352697
0	7.447766
0	7.45
0	7.45
0	7.45
0	7.440359
0	7.440359
0	7.420481
0	7.410542
0	7.4006
0	7.390625
0	7.38072
0	7.369304
0	7.369304
0	7.349423
0	7.339482
0	7.329543
0	7.319603
0	7.309663
0	7.309663
0	7.289783
0	7.279842
0	7.26872
0	7.25
0	7.23987
0	7.23987
0	7.21005
0	7.170052
0	7.120143
0	7.060503
0	6.990819
0	6.990819
0	6.900328
0	6.799681
0	6.689292
0	6.568895
0	6.438643
0	6.438643
0	6.288311
0	6.128239
0	5.957622
0	5.776586
0	5.585796
0	5.585796
0	5.385796
0	5.185796
0	4.985796
0	4.785797
0	4.585797
0	4.585797
0	4.385797
0	4.185797
0	3.985797
0	3.785797
0	3.585797
0	3.585797
0	3.385797
0	3.185797
0	2.985797
0	2.785797
0	2.585797
0	2.385797
0	2.385797
0	2.185797
0	1.985797
0	1.785797
0	1.585797
0	1.385797
0	1.385797
0	1.185796
0	0.9857965
0	0.7857965
0	0.5857965
0	0.5857965
0	0.3857965
0	0.1857966
0	-0.01420343
0	-0.2142034
0	-0.4142034
0	-0.6142034
0	-0.8142034
0	-1.014203
0	-1.014203
0	-1.214203
0	-1.414203
0	-1.614203
0	-1.814204
0	-2.014204
0	-2.214204
0	-2.214204
0	-2.414204
0	-2.614204
0	-2.814204
0	-3.014204
0	-3.014204
0	-3.214204
0	-3.414204
0	-3.614204
0	-3.814204
0	-4.014204
0	-4.214204
0	-4.414204
0	-4.614203
0	-4.614203
0	-4.814203
0	-5.014203
0	-5.214203
0	-5.414203
0	-5.614202
0	-5.814202
0	-5.814202
0	-6.014202
0	-6.214202
0	-6.414202
0	-6.614202
0	-6.814201
0	-6.814201
0	-7.014201
0	-7.214201
0	-7.414201
0	-7.45
0	-7.440019
0	-7.440019
0	-7.420178
0	-7.410217
0	-7.399155
0	-7.389214
0	-7.379274
0	-7.379274
0	-7.359255
0	-7.349107
0	-7.339514
0	-7.329456
0	-7.319632
0	-7.319632
0	-7.298731
0	-7.28879
0	-7.278574
0	-7.268882
0	-7.258612
0	-7.258612
0	-7.25
0	-7.25
0	-7.25
0	-7.25
0	-7.25
0	-7.25
0	-7.25
0	-7.25
0	-7.25
0	-7.25
0	-7.25
0	-7.25
0	-7.259751
0	-7.272717
0	-7.282659
0	-7.292709
0	-7.302538
0	-7.312479
0	-7.312479
0	-7.332414
0	-7.342299
0	-7.332359
0	-7.321387
0	-7.311421
0	-7.301506
0	-7.301506
0	-7.281626
0	-7.271683
0	-7.261746
0	-7.251806
0	-7.251806
0	-7.25
0	-7.25
0	-7.240062
0	-7.220182
0	-7.189982
0	-7.150128
0	-7.100333
0	-7.100333
0	-7.030698
0	-6.951176
0	-6.860015
0	-6.758706
0	-6.645908
0	-6.523168
0	-6.523168
0	-6.380548
0	-6.227988
0	-6.065489
0	-5.89305
0	-5.708107
0	-5.513221
0	-5.513221
0	-5.313221
0	-5.113221
0	-4.913221
0	-4.713222
0	-4.513222
0	-4.513222
0	-4.313222
0	-4.113222
0	-3.913222
0	-3.713222
0	-3.513222
0	-3.313222
0	-3.313222
0	-3.113222
0	-2.913222
0	-2.713222
0	-2.513222
0	-2.313222
0	-2.313222
0	-2.113222
0	-1.9231
0	-1.743299
0	-1.573057
0	-1.412793
0	-1.412793
0	-1.272371
0	-1.142834
0	-1.023237
0	-0.9136553
0	-0.8139398
0	-0.8139398
0	-0.7341039
0	-0.664325
0	-0.6046011
0	-0.5351695
0	-0.4545425
0	-0.3638946
0	-0.3638946
0	-0.2726741
0	-0.1914144
0	-0.1204077
0	-0.0589853
0	-0.007497478
0	-0.007497478
0	0.0226595
0	0.04287501
0	0.05314999
0	0.05348563
0	0.05348563
0	0.05348563
0	0.05348563
0	0.05348563
0	0.05348563
0	0.05348563
0	0.05348563
0	0.05348563
0	0.05348563
0	0.05348563
0	0.05348563
0	0.05348563
0	0.05348563
0	0.05348563
0	0.05348563
0	0.05348563
0	0.05348563
0	0.05348563
0	0.05348563
0	0.05348563
0	0.05348563
0	0.05348563
0	0.05348563
0	0.05348563
0	0.05348563
0	0.05348563
0	0.05348563
0	0.05348563
0	0.05348563
0	0.05348563
0	0.05348563
0	0.05348563
0	0.05348563
0	0.05348563
0	0.05348563
0	0.05348563
0	0.05348563
0	0.05348563
0	0.05348563
0	0.05348563
0	0.05348563
0	0.05348563
0	0.05348563
0	0.05348563
0	0.05348563
0	0.05348563
0	0.05348563
0	0.05348563
0	0.05348563
0	0.05348563
0	0.05348563
0	0.05348563
0	0.05348563
0	0.05348563
0	0.05348563
0	0.05348563
0	0.05348563
0	0.05348563
0	0.05348563
0	0.05348563
0	0.05348563
0	0.05348563
0	0.05348563
0	0.05348563
0	0.05348563
0	0.05348563
0	0.05348563
0	0.05348563
-0.009634273	0.05348563
-0.02943669	0.05348563
-0.05938972	0.05348563
-0.05938972	0.05348563
-0.1091039	0.05348563
-0.1686689	0.05348563
-0.2427559	0.05348563
-0.3267839	0.05348563
-0.4209187	0.05348563
-0.5248306	0.05348563
-0.638678	0.05348563
-0.638678	0.05348563
-0.7724062	0.05348563
-0.9160743	0.05348563
-1.069685	0.05348563
-1.237579	0.05348563
-1.415414	0.05348563
-1.603501	0.05348563
-1.801218	0.05348563
-2.001218	0.05348563
-2.001218	0.05348563
-2.201218	0.05348563
-2.401218	0.05348563
-2.601218	0.05348563
-2.801218	0.05348563
-3.001218	0.05348563
-3.201218	0.05348563
-3.401218	0.05348563
-3.401218	0.05348563
-3.601218	0.05348563
-3.801219	0.05348563
-4.001218	0.05348563
-4.201218	0.05348563
-4.401218	0.05348563
-4.601218	0.05348563
-4.801218	0.05348563
-4.801218	0.05348563
-5.001217	0.05348563
-5.201217	0.05348563
-5.401217	0.05348563
-5.601217	0.05348563
-5.801217	0.05348563
-5.801217	0.05348563
-6.001216	0.05348563
-6.201216	0.05348563
-6.401216	0.05348563
-6.601216	0.05348563
-6.801216	0.05348563
-6.801216	0.05348563
-7.001215	0.05348563
-7.201215	0.05348563
-7.401215	0.05348563
-7.45	0.05348563
-7.45	0.05348563
-7.44006	0.05348563
-7.430084	0.05348563
-7.430084	0.05348563
-7.410049	0.05348563
-7.399882	0.05348563
-7.39036	0.05348563
-7.380347	0.05348563
-7.25	0.05348563
-7.25	0.05348563
-7.229927	0.05348563
-7.19984	0.05348563
-7.160046	0.05348563
-7.110005	0.05348563
-7.050293	0.05348563
-7.050293	0.05348563
-6.970772	0.05348563
-6.880852	0.05348563
-6.779158	0.05348563
-6.667365	0.05348563
-6.54579	0.05348563
-6.414273	0.05348563
-6.414273	0.05348563
-6.262742	0.05348563
-6.101407	0.05348563
-5.930133	0.05348563
-5.748713	0.05348563
-5.581346	0.05348563
-5.423919	0.05348563
-5.276433	0.05348563
-5.276433	0.05348563
-5.148826	0.05348563
-5.03116	0.05348563
-4.923433	0.05348563
-4.825647	0.05348563
-4.737801	0.05348563
-4.663827	0.05348563
-4.600106	0.05348563
-4.600106	0.05348563
-4.556337	0.05348563
-4.522175	0.05348563
-4.497904	0.05348563
-4.483572	0.05348563
-4.483572	0.05348563
-4.483572	0.05348563
-4.483572	0.05348563
-4.483572	0.05348563
-4.483572	0.05348563
-4.483572	0.05348563
-4.483572	0.05348563
-4.483572	0.05348563
-4.483572	0.05348563
-4.483572	0.05348563
-4.483572	0.05348563
-4.483572	0.05348563
-4.483572	0.05348563
-4.483572	0.05348563
-4.483572	0.05348563
-4.483572	0.05348563
-4.483572	0.05348563
-4.483572	0.05348563
-4.483572	0.05348563
-4.483572	0.05348563
-4.483572	0.05348563
-4.483572	0.05348563
-4.483572	0.05348563
-4.483572	0.05348563
-4.483572	0.05348563
-4.483572	0.05348563
-4.483572	0.05348563
-4.483572	0.05348563
-4.483572	0.05348563
-4.483572	0.05348563
-4.483572	0.05348563
-4.483572	0.05348563
-4.483572	0.05348563
-4.483572	0.05348563
-4.483572	0.05348563
-4.483572	0.05348563
-4.483572	0.05348563
-4.483572	0.05348563
-4.483572	0.05348563
-4.483572	0.05348563
-4.483572	0.05348563
-4.483572	0.05348563
-4.483572	0.05348563
-4.483572	0.05348563
-4.483572	0.05348563
-4.483572	0.05348563
-4.483572	0.05348563
-4.483572	0.05348563
-4.483572	0.05348563
-4.483572	0.05348563
-4.483572	0.05348563
-4.483572	0.05348563
-4.483572	0.05348563
-4.483572	0.05348563
-4.483572	0.05348563
-4.483572	0.05348563
-4.483572	0.05348563
-4.483572	0.05348563
-4.483572	0.05348563
-4.483572	0.05348563
-4.483572	0.05348563
-4.483572	0.05348563
-4.483572	0.05348563
-4.483572	0.05348563
-4.483572	0.05348563
-4.483572	0.05348563
-4.483572	0.05348563
-4.483572	0.05348563
-4.483572	0.05348563
-4.483572	0.05348563
-4.483572	0.05348563
-4.483572	0.05348563
-4.483572	0.05348563
-4.483572	0.05348563
-4.483572	0.05348563
-4.483572	0.05348563
-4.483572	0.05348563
-4.483572	0.05348563
-4.483572	0.05348563
-4.483572	0.05348563
-4.483572	0.05348563
-4.483572	0.05348563
-4.483572	0.05348563
-4.483572	0.05348563
-4.483572	0.05348563
-4.483572	0.05348563
-4.483572	0.05348563
-4.483572	0.05348563
-4.483572	0.05348563
-4.483572	0.05348563
-4.483572	0.05348563
-4.483572	0.05348563
-4.483572	0.05348563
-4.483572	0.05348563
-4.483572	0.05348563
-4.483572	0.05348563
-4.483572	0.05348563
-4.483572	0.05348563
-4.483572	0.05348563
-4.483572	0.05348563
-4.483572	0.05348563
-4.483572	0.05348563
-4.483572	0.05348563
-4.483572	0.05348563
-4.483572	0.05348563
-4.483572	0.05348563
-4.483572	0.05348563
-4.483572	0.05348563
-4.483572	0.05348563
-4.483572	0.05348563
-4.483572	0.05348563
-4.483572	0.05348563
-4.483572	0.05348563
-4.483572	0.05348563
-4.483572	0.05348563
-4.483572	0.05348563
-4.483572	0.05348563
-4.483572	0.05348563
-4.483572	0.05348563
-4.483572	0.05348563
-4.483572	0.05348563
-4.483572	0.05348563
-4.483572	0.05348563
-4.483572	0.05348563
-4.483572	0.05348563
-4.483572	0.05348563
-4.483572	0.05348563
-4.483572	0.05348563
-4.483572	0.05348563
-4.483572	0.05348563
-4.483572	0.05348563
-4.483572	0.05348563
-4.483572	0.05348563
-4.483572	0.05348563
-4.483572	0.05348563
-4.483572	0.05348563
-4.483572	0.05348563
-4.483572	0.05348563
-4.483572	0.05348563
-4.483572	0.05348563
-4.483572	0.05348563
-4.483572	0.05348563
-4.483572	0.05348563
-4.483572	0.05348563
-4.483572	0.05348563
-4.483572	0.05348563
-4.483572	0.05348563
-4.483572	0.05348563
-4.483572	0.05348563
-4.483572	0.05348563
-4.483572	0.05348563
-4.483572	0.05348563
-4.483572	0.05348563
-4.483572	0.05348563
-4.483572	0.05348563
-4.483572	0.05348563
-4.483572	0.05348563
-4.483572	0.05348563
-4.483572	0.05348563
-4.483572	0.05348563
-4.483572	0.05348563
-4.483572	0.05348563
-4.483572	0.05348563
-4.483572	0.05348563
-4.483572	0.05348563
-4.483572	0.05348563
-4.483572	0.05348563
-4.483572	0.05348563
-4.483572	0.05348563
-4.483572	0.05348563
-4.483572	0.05348563
-4.483572	0.05348563
-4.483572	0.05348563
-4.483572	0.05348563
-4.483572	0.05348563
-4.483572	0.05348563
-4.483572	0.05348563
