Horizontal	Vertical
Time	SqrPos		Pos		FVel		Vel		Torque	CenterSpring		FreeSpace		KD
47.44	0	0.4240505	0.4240505	0	00	0	00	0	0.01	0.01	1	0.1	
47.46	0	0.4240505	0.4240505	0	00	0	00	0	0.01	0.01	1	0.1	
47.48	0	0.4240505	0.4240505	0	00	0	00	0	0.01	0.01	1	0.1	
47.5	0	0.4240505	0.4240505	0	00	0	00	0	0.01	0.01	1	0.1	
47.52	0	0.4240505	0.4240505	0	00	0	00	0	0.01	0.01	1	0.1	
47.54	0	0.4240505	0.4240505	0	00	0	00	0	0.01	0.01	1	0.1	
47.56	0	0.4240505	0.4240505	0	00	0	00	0	0.01	0.01	1	0.1	
47.58	0	0.4240505	0.4240505	0	00	0	00	0	0.01	0.01	1	0.1	
47.6	0	0.4240505	0.4240505	0	00	0	00	0	0.01	0.01	1	0.1	
47.62	0	0.4240505	0.4240505	0	00	0	00	0	0.01	0.01	1	0.1	
47.64	0	0.4240505	0.4240505	0	00	0	00	0	0.01	0.01	1	0.1	
47.66	0	0.4240505	0.4240505	0	00	0	00	0	0.01	0.01	1	0.1	
47.68	0	0.4240505	0.4240505	0	00	0	00	0	0.01	0.01	1	0.1	
47.7	0	0.4240505	0.4240505	0	00	0	00	0	0.01	0.01	1	0.1	
47.72	0	0.4240505	0.4240505	0	00	0	00	0	0.01	0.01	1	0.1	
47.74	0	0.4240505	0.4240505	0	00	0	00	0	0.01	0.01	1	0.1	
47.76	0	0.4240505	0.4240505	0	00	0	00	0	0.01	0.01	1	0.1	
47.78	0	0.4240505	0.4240505	0	00	0	00	0	0.01	0.01	1	0.1	
47.8	0	0.4240505	0.4240505	0	00	0	00	0	0.01	0.01	1	0.1	
47.82	0	0.4240505	0.4240505	0	00	0	00	0	0.01	0.01	1	0.1	
47.84	0	0.4240505	0.4240505	0	00	0	00	0	0.01	0.01	1	0.1	
47.86	0	0.4240505	0.4240505	0	00	0	00	0	0.01	0.01	1	0.1	
47.88	0	0.4240505	0.4240505	0	00	0	00	0	0.01	0.01	1	0.1	
47.9	0	0.4240505	0.4240505	0	00	0	00	0	0.01	0.01	1	0.1	
47.92	0	0.4240505	0.4240505	0	00	0	00	0	0.01	0.01	1	0.1	
47.94	0	0.4240505	0.4240505	0	00	0	00	0	0.01	0.01	1	0.1	
47.96	0	0.4240505	0.4240505	0	00	0	00	0	0.01	0.01	1	0.1	
47.98	0	0.4240505	0.4240505	0	00	0	00	0	0.01	0.01	1	0.1	
48	0	0.4240505	0.4240505	0	00	0	00	0	0.01	0.01	1	0.1	
48.02	0	0.4240505	0.4240505	0	00	0	00	0	0.01	0.01	1	0.1	
48.04	0	0.4240505	0.4240505	0	00	0	00	0	0.01	0.01	1	0.1	
48.06	0	0.4240505	0.4240505	0	00	0	00	0	0.01	0.01	1	0.1	
48.08	0	0.4240505	0.4240505	0	00	0	00	0	0.01	0.01	1	0.1	
48.1	0	0.4240505	0.4240505	0	00	0	00	0	0.01	0.01	1	0.1	
48.12	0	0.4240505	0.4240505	0	00	0	00	0	0.01	0.01	1	0.1	
48.14	0	0.4240505	0.4240505	0	00	0	00	0	0.01	0.01	1	0.1	
48.16	0	0.4240505	0.4240505	0	00	0	00	0	0.01	0.01	1	0.1	
48.18	0	0.4240505	0.4240505	0	00	0	00	0	0.01	0.01	1	0.1	
48.2	0	0.4240505	0.4240505	0	00	0	00	0	0.01	0.01	1	0.1	
48.22	0	0.4240505	0.4240505	0	00	0	00	0	0.01	0.01	1	0.1	
48.24	0	0.4240505	0.4240505	0	00	0	00	0	0.01	0.01	1	0.1	
48.26	0	0.4240505	0.4240505	0	00	0	00	0	0.01	0.01	1	0.1	
48.28	0	0.4240505	0.4240505	0	00	0	00	0	0.01	0.01	1	0.1	
48.3	0	0.4240505	0.4240505	0	00	0	00	0	0.01	0.01	1	0.1	
48.32	0	0.4240505	0.4240505	0	00	0	00	0	0.01	0.01	1	0.1	
48.34	0	0.4240505	0.4240505	0	00	0	00	0	0.01	0.01	1	0.1	
48.36	0	0.4240505	0.4240505	0	00	0	00	0	0.01	0.01	1	0.1	
48.38	0	0.4240505	0.4240505	0	00	0	00	0	0.01	0.01	1	0.1	
48.4	0	0.4240505	0.4240505	0	00	0	00	0	0.01	0.01	1	0.1	
48.42	0	0.4240505	0.4240505	0	00	0	00	0	0.01	0.01	1	0.1	
48.44	0	0.4240505	0.4240505	0	00	0	00	0	0.01	0.01	1	0.1	
48.46	0	0.4240505	0.4240505	0	00	0	00	0	0.01	0.01	1	0.1	
48.48	0	0.4240505	0.4240505	0	00	0	00	0	0.01	0.01	1	0.1	
48.5	0	0.4240505	0.4240505	0	00	0	00	0	0.01	0.01	1	0.1	
48.52	0	0.4240505	0.4240505	0	00	0	00	0	0.01	0.01	1	0.1	
48.54	0	0.4240505	0.4240505	0	00	0	00	0	0.01	0.01	1	0.1	
48.56	0	0.4240505	0.4240505	0	00	0	00	0	0.01	0.01	1	0.1	
48.58	0	0.4240505	0.4240505	0	00	0	00	0	0.01	0.01	1	0.1	
48.6	0	0.4240505	0.4240505	0	00	0	00	0	0.01	0.01	1	0.1	
48.62	0	0.4240505	0.4240505	0	00	0	00	0	0.01	0.01	1	0.1	
48.64	0	0.4240505	0.4240505	0	00	0	00	0	0.01	0.01	1	0.1	
48.66	0	0.4240505	0.4240505	0	00	0	00	0	0.01	0.01	1	0.1	
48.68	0	0.4240505	0.4240505	0	00	0	00	0	0.01	0.01	1	0.1	
48.7	0	0.4240505	0.4240505	0	00	0	00	0	0.01	0.01	1	0.1	
48.72	0	0.4240505	0.4240505	0	00	0	00	0	0.01	0.01	1	0.1	
48.74	0	0.4240505	0.4240505	0	00	0	00	0	0.01	0.01	1	0.1	
48.76	0	0.4240505	0.4240505	0	00	0	00	0	0.01	0.01	1	0.1	
48.78	0	0.4240505	0.4240505	0	00	0	00	0	0.01	0.01	1	0.1	
48.8	0	0.4240505	0.4240505	0	00	0	00	0	0.01	0.01	1	0.1	
48.82	0	0.4240505	0.4240505	0	00	0	00	0	0.01	0.01	1	0.1	
48.84	0	0.4240505	0.4240505	0	00	0	00	0	0.01	0.01	1	0.1	
48.86	0	0.4240505	0.4240505	0	00	0	00	0	0.01	0.01	1	0.1	
48.88	0	0.4240505	0.4240505	0	00	0	00	0	0.01	0.01	1	0.1	
48.9	0	0.4240505	0.4240505	0	00	0	00	0	0.01	0.01	1	0.1	
48.92	0	0.4240505	0.4240505	0	00	0	00	0	0.01	0.01	1	0.1	
48.94	0	0.4240505	0.4240505	0	00	0	00	0	0.01	0.01	1	0.1	
48.96	0	0.4240505	0.4240505	0	00	0	00	0	0.01	0.01	1	0.1	
48.98	0	0.4240505	0.4240505	0	00	0	00	0	0.01	0.01	1	0.1	
49	0	0.4240505	0.4240505	0	00	0	00	0	0.01	0.01	1	0.1	
49.02	0	0.4240505	0.4240505	0	00	0	00	0	0.01	0.01	1	0.1	
49.04	0	0.4240505	0.4240505	0	00	0	00	0	0.01	0.01	1	0.1	
49.06	0	0.4240505	0.4240505	0	00	0	00	0	0.01	0.01	1	0.1	
49.08	0	0.4240505	0.4240505	0	00	0	00	0	0.01	0.01	1	0.1	
49.1	0	0.4240505	0.4240505	0	00	0	00	0	0.01	0.01	1	0.1	
49.12	0	0.4240505	0.4240505	0	00	0	00	0	0.01	0.01	1	0.1	
49.14	0	0.4240505	0.4240505	0	00	0	00	0	0.01	0.01	1	0.1	
49.16	0	0.4240505	0.4240505	0	00	0	00	0	0.01	0.01	1	0.1	
49.18	0	0.4240505	0.4240505	0	00	0	00	0	0.01	0.01	1	0.1	
49.2	0	0.4240505	0.4240505	0	00	0	00	0	0.01	0.01	1	0.1	
49.22	0	0.4240505	0.4240505	0	00	0	00	0	0.01	0.01	1	0.1	
49.24	0	0.4240505	0.4240505	0	00	0	00	0	0.01	0.01	1	0.1	
49.26	0	0.4240505	0.4240505	0	00	0	00	0	0.01	0.01	1	0.1	
49.28	0	0.4240505	0.4240505	0	00	0	00	0	0.01	0.01	1	0.1	
49.3	0	0.4240505	0.4240505	0	00	0	00	0	0.01	0.01	1	0.1	
49.32	0	0.4240505	0.4240505	0	00	0	00	0	0.01	0.01	1	0.1	
49.34	0	0.4240505	0.4240505	0	00	0	00	0	0.01	0.01	1	0.1	
49.36	0	0.4240505	0.4240505	0	00	0	00	0	0.01	0.01	1	0.1	
49.38	0	0.4240505	0.4240505	0	00	0	00	0	0.01	0.01	1	0.1	
49.4	0	0.4240505	0.4240505	0	00	0	00	0	0.01	0.01	1	0.1	
49.42	0	0.4240505	0.4240505	0	00	0	00	0	0.01	0.01	1	0.1	
49.44	0	0.4240505	0.4240505	0	00	0	00	0	0.01	0.01	1	0.1	
49.46	0	0.4240505	0.4240505	0	00	0	00	0	0.01	0.01	1	0.1	
49.48	0	0.4240505	0.4240505	0	00	0	00	0	0.01	0.01	1	0.1	
49.5	0	0.4240505	0.4240505	0	00	0	00	0	0.01	0.01	1	0.1	
49.52	0	0.4240505	0.4240505	0	00	0	00	0	0.01	0.01	1	0.1	
49.54	0	0.4240505	0.4240505	0	00	0	00	0	0.01	0.01	1	0.1	
49.56	0	0.4240505	0.4240505	0	00	0	00	0	0.01	0.01	1	0.1	
49.58	0	0.4240505	0.4240505	0	00	0	00	0	0.01	0.01	1	0.1	
49.6	0	0.4240505	0.4240505	0	00	0	00	0	0.01	0.01	1	0.1	
49.62	0	0.4240505	0.4240505	0	00	0	00	0	0.01	0.01	1	0.1	
49.64	0	0.4240505	0.4240505	0	00	0	00	0	0.01	0.01	1	0.1	
49.66	0	0.4240505	0.4240505	0	00	0	00	0	0.01	0.01	1	0.1	
49.68	0	0.4240505	0.4240505	0	00	0	00	0	0.01	0.01	1	0.1	
49.7	0	0.4240505	0.4240505	0	00	0	00	0	0.01	0.01	1	0.1	
49.72	0	0.4240505	0.4240505	0	00	0	00	0	0.01	0.01	1	0.1	
49.74	0	0.4240505	0.4240505	0	00	0	00	0	0.01	0.01	1	0.1	
49.76	0	0.4240505	0.4240505	0	00	0	00	0	0.01	0.01	1	0.1	
49.78	0	0.4240505	0.4240505	0	00	0	00	0	0.01	0.01	1	0.1	
49.8	0	0.4240505	0.4240505	0	00	0	00	0	0.01	0.01	1	0.1	
49.82	0	0.4240505	0.4240505	0	00	0	00	0	0.01	0.01	1	0.1	
49.84	0	0.4240505	0.4240505	0	00	0	00	0	0.01	0.01	1	0.1	
49.86	0	0.4240505	0.4240505	0	00	0	00	0	0.01	0.01	1	0.1	
49.88	0	0.4240505	0.4240505	0	00	0	00	0	0.01	0.01	1	0.1	
49.9	0	0.4240505	0.4240505	0	00	0	00	0	0.01	0.01	1	0.1	
49.92	0	0.4240505	0.4240505	0	00	0	00	0	0.01	0.01	1	0.1	
49.94	0	0.4240505	0.4240505	0	00	0	00	0	0.01	0.01	1	0.1	
49.96	0	0.4240505	0.4240505	0	00	0	00	0	0.01	0.01	1	0.1	
49.98	0	0.4240505	0.4240505	0	00	0	00	0	0.01	0.01	1	0.1	
50	0	0.4240505	0.4240505	0	00	0	00	0	0.01	0.01	1	0.1	
50.02	0	0.4240505	0.4240505	0	00	0	00	0	0.01	0.01	1	0.1	
50.04	0	0.4240505	0.4240505	0	00	0	00	0	0.01	0.01	1	0.1	
50.06	0	0.4240505	0.4240505	0	00	0	00	0	0.01	0.01	1	0.1	
50.08	0	0.4240505	0.4240505	0	00	0	00	0	0.01	0.01	1	0.1	
50.1	0	0.4240505	0.4240505	0	00	0	00	0	0.01	0.01	1	0.1	
50.12	0	0.4240505	0.4240505	0	00	0	00	0	0.01	0.01	1	0.1	
50.14	0	0.4240505	0.4240505	0	00	0	00	0	0.01	0.01	1	0.1	
50.16	0	0.4240505	0.4240505	0	00	0	00	0	0.01	0.01	1	0.1	
50.18	0	0.4240505	0.4240505	0	00	0	00	0	0.01	0.01	1	0.1	
50.2	0	0.4240505	0.4240505	0	00	0	00	0	0.01	0.01	1	0.1	
50.22	0	0.4240505	0.4240505	0	00	0	00	0	0.01	0.01	1	0.1	
50.24	0	0.4240505	0.4240505	0	00	0	00	0	0.01	0.01	1	0.1	
50.26	0	0.4240505	0.4240505	0	00	0	00	0	0.01	0.01	1	0.1	
50.28	0	0.4240505	0.4240505	0	00	0	00	0	0.01	0.01	1	0.1	
50.3	0	0.4240505	0.4240505	0	00	0	00	0	0.01	0.01	1	0.1	
50.32	0	0.4240505	0.4240505	0	00	0	00	0	0.01	0.01	1	0.1	
50.34	0	0.4240505	0.4240505	0	00	0	00	0	0.01	0.01	1	0.1	
50.36	0	0.4240505	0.4240505	0	00	0	00	0	0.01	0.01	1	0.1	
50.38	0	0.4240505	0.4240505	0	00	0	00	0	0.01	0.01	1	0.1	
50.4	0	0.4240505	0.4240505	0	00	0	00	0	0.01	0.01	1	0.1	
50.42	0	0.4240505	0.4240505	0	00	0	00	0	0.01	0.01	1	0.1	
50.44	0	0.4240505	0.4240505	0	00	0	00	0	0.01	0.01	1	0.1	
50.46	0	0.4240505	0.4240505	0	00	0	00	0	0.01	0.01	1	0.1	
50.48	0	0.4240505	0.4240505	0	00	0	00	0	0.01	0.01	1	0.1	
50.5	0	0.4240505	0.4240505	0	00	0	00	0	0.01	0.01	1	0.1	
50.52	0	0.4240505	0.4240505	0	00	0	00	0	0.01	0.01	1	0.1	
50.54	0	0.4240505	0.4240505	0	00	0	00	0	0.01	0.01	1	0.1	
50.56	0	0.4240505	0.4240505	0	00	0	00	0	0.01	0.01	1	0.1	
50.58	0	0.4240505	0.4240505	0	00	0	00	0	0.01	0.01	1	0.1	
50.6	0	0.4240505	0.4240505	0	00	0	00	0	0.01	0.01	1	0.1	
50.62	0	0.4240505	0.4240505	0	00	0	00	0	0.01	0.01	1	0.1	
50.64	0	0.4240505	0.4240505	0	00	0	00	0	0.01	0.01	1	0.1	
50.66	0	0.4240505	0.4240505	0	00	0	00	0	0.01	0.01	1	0.1	
50.68	0	0.4240505	0.4240505	0	00	0	00	0	0.01	0.01	1	0.1	
50.7	0	0.4240505	0.4240505	0	00	0	00	0	0.01	0.01	1	0.1	
50.72	0	0.4240505	0.4240505	0	00	0	00	0	0.01	0.01	1	0.1	
50.74	0	0.4240505	0.4240505	0	00	0	00	0	0.01	0.01	1	0.1	
50.76	0	0.4240505	0.4240505	0	00	0	00	0	0.01	0.01	1	0.1	
50.78	0	0.4240505	0.4240505	0	00	0	00	0	0.01	0.01	1	0.1	
50.8	0	0.4240505	0.4240505	0	00	0	00	0	0.01	0.01	1	0.1	
50.82	0	0.4240505	0.4240505	0	00	0	00	0	0.01	0.01	1	0.1	
50.84	0	0.4240505	0.4240505	0	00	0	00	0	0.01	0.01	1	0.1	
50.86	0	0.4240505	0.4240505	0	00	0	00	0	0.01	0.01	1	0.1	
50.88	0	0.4240505	0.4240505	0	00	0	00	0	0.01	0.01	1	0.1	
50.9	0	0.4240505	0.4240505	0	00	0	00	0	0.01	0.01	1	0.1	
50.92	0	0.4240505	0.4240505	0	00	0	00	0	0.01	0.01	1	0.1	
50.94	0	0.4240505	0.4240505	0	00	0	00	0	0.01	0.01	1	0.1	
50.96	0	0.4240505	0.4240505	0	00	0	00	0	0.01	0.01	1	0.1	
50.98	0	0.4240505	0.4240505	0	00	0	00	0	0.01	0.01	1	0.1	
51	0	0.4240505	0.4240505	0	00	0	00	0	0.01	0.01	1	0.1	
51.02	0	0.4240505	0.4240505	0	00	0	00	0	0.01	0.01	1	0.1	
51.04	0	0.4240505	0.4240505	0	00	0	00	0	0.01	0.01	1	0.1	
51.06	0	0.4240505	0.4240505	0	00	0	00	0	0.01	0.01	1	0.1	
51.08	0	0.4240505	0.4240505	0	00	0	00	0	0.01	0.01	1	0.1	
51.1	0	0.4240505	0.4240505	0	00	0	00	0	0.01	0.01	1	0.1	
51.12	0	0.4240505	0.4240505	0	00	0	00	0	0.01	0.01	1	0.1	
51.14	0	0.4240505	0.4240505	0	00	0	00	0	0.01	0.01	1	0.1	
51.16	0	0.4240505	0.4240505	0	00	0	00	0	0.01	0.01	1	0.1	
51.18	0	0.4240505	0.4240505	0	00	0	00	0	0.01	0.01	1	0.1	
51.2	0	0.4240505	0.4240505	0	00	0	00	0	0.01	0.01	1	0.1	
51.22	0	0.4240505	0.4240505	0	00	0	00	0	0.01	0.01	1	0.1	
51.24	0	0.4240505	0.4240505	0	00	0	00	0	0.01	0.01	1	0.1	
51.26	0	0.4240505	0.4240505	0	00	0	00	0	0.01	0.01	1	0.1	
51.28	0	0.4240505	0.4240505	0	00	0	00	0	0.01	0.01	1	0.1	
51.3	0	0.4240505	0.4240505	0	00	0	00	0	0.01	0.01	1	0.1	
51.32	0	0.4240505	0.4240505	0	00	0	00	0	0.01	0.01	1	0.1	
51.34	0	0.4240505	0.4240505	0	00	0	00	0	0.01	0.01	1	0.1	
51.36	0	0.4240505	0.4240505	0	00	0	00	0	0.01	0.01	1	0.1	
51.38	0	0.4240505	0.4240505	0	00	0	00	0	0.01	0.01	1	0.1	
51.4	0	0.4240505	0.4240505	0	00	0	00	0	0.01	0.01	1	0.1	
51.42	0	0.4240505	0.4240505	0	00	0	00	0	0.01	0.01	1	0.1	
51.44	0	0.4240505	0.4240505	0	00	0	00	0	0.01	0.01	1	0.1	
51.46	0	0.4240505	0.4240505	0	00	0	00	0	0.01	0.01	1	0.1	
51.48	0	0.4240505	0.4240505	0	00	0	00	0	0.01	0.01	1	0.1	
51.5	0	0.4240505	0.4240505	0	00	0	00	0	0.01	0.01	1	0.1	
51.52	0	0.4240505	0.4240505	0	00	0	00	0	0.01	0.01	1	0.1	
51.54	0	0.4240505	0.4240505	0	00	0	00	0	0.01	0.01	1	0.1	
51.56	0	0.4240505	0.4240505	0	00	0	00	0	0.01	0.01	1	0.1	
51.58	0	0.4240505	0.4240505	0	00	0	00	0	0.01	0.01	1	0.1	
51.6	0	0.4240505	0.4240505	0	00	0	00	0	0.01	0.01	1	0.1	
51.62	0	0.4240505	0.4240505	0	00	0	00	0	0.01	0.01	1	0.1	
51.64	0	0.4240505	0.4240505	0	00	0	00	0	0.01	0.01	1	0.1	
51.66	0	0.4240505	0.4240505	0	00	0	00	0	0.01	0.01	1	0.1	
51.68	0	0.4240505	0.4240505	0	00	0	00	0	0.01	0.01	1	0.1	
51.7	0	0.4240505	0.4240505	0	00	0	00	0	0.01	0.01	1	0.1	
51.72	0	0.4240505	0.4240505	0	00	0	00	0	0.01	0.01	1	0.1	
51.74	0	0.4240505	0.4240505	0	00	0	00	0	0.01	0.01	1	0.1	
51.76	0	0.4240505	0.4240505	0	00	0	00	0	0.01	0.01	1	0.1	
51.78	0	0.4240505	0.4240505	0	00	0	00	0	0.01	0.01	1	0.1	
51.8	0	0.4240505	0.4240505	0	00	0	00	0	0.01	0.01	1	0.1	
51.82	0	0.4240505	0.4240505	0	00	0	00	0	0.01	0.01	1	0.1	
51.84	0	0.4240505	0.4240505	0	00	0	00	0	0.01	0.01	1	0.1	
51.86	0	0.4240505	0.4240505	0	00	0	00	0	0.01	0.01	1	0.1	
51.88	0	0.4240505	0.4240505	0	00	0	00	0	0.01	0.01	1	0.1	
51.9	0	0.4240505	0.4240505	0	00	0	00	0	0.01	0.01	1	0.1	
51.92	0	0.4240505	0.4240505	0	00	0	00	0	0.01	0.01	1	0.1	
51.94	0	0.4240505	0.4240505	0	00	0	00	0	0.01	0.01	1	0.1	
51.96	0	0.4240505	0.4240505	0	00	0	00	0	0.01	0.01	1	0.1	
51.98	0	0.4240505	0.4240505	0	00	0	00	0	0.01	0.01	1	0.1	
52	0	0.4240505	0.4240505	0	00	0	00	0	0.01	0.01	1	0.1	
52.02	0	0.4240505	0.4240505	0	00	0	00	0	0.01	0.01	1	0.1	
52.04	0	0.4240505	0.4240505	0	00	0	00	0	0.01	0.01	1	0.1	
52.06	0	0.4240505	0.4240505	0	00	0	00	0	0.01	0.01	1	0.1	
52.08	0	0.4240505	0.4240505	0	00	0	00	0	0.01	0.01	1	0.1	
52.1	0	0.4240505	0.4240505	0	00	0	00	0	0.01	0.01	1	0.1	
52.12	0	0.4240505	0.4240505	0	00	0	00	0	0.01	0.01	1	0.1	
52.14	0	0.4240505	0.4240505	0	00	0	00	0	0.01	0.01	1	0.1	
52.16	0	0.4240505	0.4240505	0	00	0	00	0	0.01	0.01	1	0.1	
52.18	0	0.4240505	0.4240505	0	00	0	00	0	0.01	0.01	1	0.1	
52.2	0	0.4240505	0.4240505	0	00	0	00	0	0.01	0.01	1	0.1	
52.22	0	0.4240505	0.4240505	0	00	0	00	0	0.01	0.01	1	0.1	
52.24	0	0.4240505	0.4240505	0	00	0	00	0	0.01	0.01	1	0.1	
52.26	0	0.4240505	0.4240505	0	00	0	00	0	0.01	0.01	1	0.1	
52.28	0	0.4240505	0.4240505	0	00	0	00	0	0.01	0.01	1	0.1	
52.3	0	0.4240505	0.4240505	0	00	0	00	0	0.01	0.01	1	0.1	
52.32	0	0.4240505	0.4240505	0	00	0	00	0	0.01	0.01	1	0.1	
52.34	0	0.4240505	0.4240505	0	00	0	00	0	0.01	0.01	1	0.1	
52.36	0	0.4240505	0.4240505	0	00	0	00	0	0.01	0.01	1	0.1	
52.38	0	0.4240505	0.4240505	0	00	0	00	0	0.01	0.01	1	0.1	
52.4	0	0.4240505	0.4240505	0	00	0	00	0	0.01	0.01	1	0.1	
52.42	0	0.4240505	0.4240505	0	00	0	00	0	0.01	0.01	1	0.1	
52.44	0	0.4240505	0.4240505	0	00	0	00	0	0.01	0.01	1	0.1	
52.46	0	0.4240505	0.4240505	0	00	0	00	0	0.01	0.01	1	0.1	
52.48	0	0.4240505	0.4240505	0	00	0	00	0	0.01	0.01	1	0.1	
52.5	0	0.4240505	0.4240505	0	00	0	00	0	0.01	0.01	1	0.1	
52.52	0	0.4240505	0.4240505	0	00	0	00	0	0.01	0.01	1	0.1	
52.54	0	0.4240505	0.4240505	0	00	0	00	0	0.01	0.01	1	0.1	
52.56	0	0.4240505	0.4240505	0	00	0	00	0	0.01	0.01	1	0.1	
52.58	0	0.4240505	0.4240505	0	00	0	00	0	0.01	0.01	1	0.1	
52.6	0	0.4240505	0.4240505	0	00	0	00	0	0.01	0.01	1	0.1	
52.62	0	0.4240505	0.4240505	0	00	0	00	0	0.01	0.01	1	0.1	
52.64	0	0.4240505	0.4240505	0	00	0	00	0	0.01	0.01	1	0.1	
52.66	0	0.4240505	0.4240505	0	00	0	00	0	0.01	0.01	1	0.1	
52.68	0	0.4240505	0.4240505	0	00	0	00	0	0.01	0.01	1	0.1	
52.7	0	0.4240505	0.4240505	0	00	0	00	0	0.01	0.01	1	0.1	
52.72	0	0.4240505	0.4240505	0	00	0	00	0	0.01	0.01	1	0.1	
52.74	0	0.4240505	0.4240505	0	00	0	00	0	0.01	0.01	1	0.1	
52.76	0	0.4240505	0.4240505	0	00	0	00	0	0.01	0.01	1	0.1	
52.78	0	0.4240505	0.4240505	0	00	0	00	0	0.01	0.01	1	0.1	
52.8	0	0.4240505	0.4240505	0	00	0	00	0	0.01	0.01	1	0.1	
52.82	0	0.4240505	0.4240505	0	00	0	00	0	0.01	0.01	1	0.1	
52.84	0	0.4240505	0.4240505	0	00	0	00	0	0.01	0.01	1	0.1	
52.86	0	0.4240505	0.4240505	0	00	0	00	0	0.01	0.01	1	0.1	
52.88	0	0.4240505	0.4240505	0	00	0	00	0	0.01	0.01	1	0.1	
52.9	0	0.4240505	0.4240505	0	00	0	00	0	0.01	0.01	1	0.1	
52.92	0	0.4240505	0.4240505	0	00	0	00	0	0.01	0.01	1	0.1	
52.94	0	0.4240505	0.4240505	0	00	0	00	0	0.01	0.01	1	0.1	
52.96	0	0.4240505	0.4240505	0	00	0	00	0	0.01	0.01	1	0.1	
52.98	0	0.4240505	0.4240505	0	00	0	00	0	0.01	0.01	1	0.1	
53	0	0.4240505	0.4240505	0	00	0	00	0	0.01	0.01	1	0.1	
53.02	0	0.4240505	0.4240505	0	00	0	00	0	0.01	0.01	1	0.1	
53.04	0	0.4240505	0.4240505	0	00	0	00	0	0.01	0.01	1	0.1	
53.06	0	0.4240505	0.4240505	0	00	0	00	0	0.01	0.01	1	0.1	
53.08	0	0.4240505	0.4240505	0	00	0	00	0	0.01	0.01	1	0.1	
53.1	0	0.4240505	0.4240505	0	00	0	00	0	0.01	0.01	1	0.1	
53.12	0	0.4240505	0.4240505	0	00	0	00	0	0.01	0.01	1	0.1	
53.14	0	0.4240505	0.4240505	0	00	0	00	0	0.01	0.01	1	0.1	
53.16	0	0.4240505	0.4240505	0	00	0	00	0	0.01	0.01	1	0.1	
53.18	0	0.4240505	0.4240505	0	00	0	00	0	0.01	0.01	1	0.1	
53.2	0	0.4240505	0.4240505	0	00	0	00	0	0.01	0.01	1	0.1	
53.22	0	0.4240505	0.4240505	0	00	0	00	0	0.01	0.01	1	0.1	
53.24	0	0.4240505	0.4240505	0	00	0	00	0	0.01	0.01	1	0.1	
53.26	0	0.4240505	0.4240505	0	00	0	00	0	0.01	0.01	1	0.1	
53.28	0	0.4240505	0.4240505	0	00	0	00	0	0.01	0.01	1	0.1	
53.3	0	0.4240505	0.4240505	0	00	0	00	0	0.01	0.01	1	0.1	
53.32	0	0.4240505	0.4240505	0	00	0	00	0	0.01	0.01	1	0.1	
53.34	0	0.4240505	0.4240505	0	00	0	00	0	0.01	0.01	1	0.1	
53.36	0	0.4240505	0.4240505	0	00	0	00	0	0.01	0.01	1	0.1	
53.38	0	0.4240505	0.4240505	0	00	0	00	0	0.01	0.01	1	0.1	
53.4	0	0.4240505	0.4240505	0	00	0	00	0	0.01	0.01	1	0.1	
53.42	0	0.4240505	0.4240505	0	00	0	00	0	0.01	0.01	1	0.1	
53.44	0	0.4240505	0.4240505	0	00	0	00	0	0.01	0.01	1	0.1	
53.46	0	0.4240505	0.4240505	0	00	0	00	0	0.01	0.01	1	0.1	
53.48	0	0.4240505	0.4240505	0	00	0	00	0	0.01	0.01	1	0.1	
53.5	0	0.4240505	0.4240505	0	00	0	00	0	0.01	0.01	1	0.1	
53.52	0	0.4240505	0.4240505	0	00	0	00	0	0.01	0.01	1	0.1	
53.54	0	0.4240505	0.4240505	0	00	0	00	0	0.01	0.01	1	0.1	
53.56	0	0.4240505	0.4240505	0	00	0	00	0	0.01	0.01	1	0.1	
53.58	0	0.4240505	0.4240505	0	00	0	00	0	0.01	0.01	1	0.1	
53.6	0	0.4240505	0.4240505	0	00	0	00	0	0.01	0.01	1	0.1	
53.62	0	0.4240505	0.4240505	0	00	0	00	0	0.01	0.01	1	0.1	
53.64	0	0.4240505	0.4240505	0	00	0	00	0	0.01	0.01	1	0.1	
53.66	0	0.4240505	0.4240505	0	00	0	00	0	0.01	0.01	1	0.1	
53.68	0	0.4240505	0.4240505	0	00	0	00	0	0.01	0.01	1	0.1	
53.7	0	0.4240505	0.4240505	0	00	0	00	0	0.01	0.01	1	0.1	
53.72	0	0.4240505	0.4240505	0	00	0	00	0	0.01	0.01	1	0.1	
53.74	0	0.4240505	0.4240505	0	00	0	00	0	0.01	0.01	1	0.1	
53.76	0	0.4240505	0.4240505	0	00	0	00	0	0.01	0.01	1	0.1	
53.78	0	0.4240505	0.4240505	0	00	0	00	0	0.01	0.01	1	0.1	
53.8	0	0.4240505	0.4240505	0	00	0	00	0	0.01	0.01	1	0.1	
53.82	0	0.4240505	0.4240505	0	00	0	00	0	0.01	0.01	1	0.1	
53.84	0	0.4240505	0.4240505	0	00	0	00	0	0.01	0.01	1	0.1	
53.86	0	0.4240505	0.4240505	0	00	0	00	0	0.01	0.01	1	0.1	
53.88	0	0.4240505	0.4240505	0	00	0	00	0	0.01	0.01	1	0.1	
53.9	0	0.4240505	0.4240505	0	00	0	00	0	0.01	0.01	1	0.1	
53.92	0	0.4240505	0.4240505	0	00	0	00	0	0.01	0.01	1	0.1	
53.94	0	0.4240505	0.4240505	0	00	0	00	0	0.01	0.01	1	0.1	
53.96	0	0.4240505	0.4240505	0	00	0	00	0	0.01	0.01	1	0.1	
53.98	0	0.4240505	0.4240505	0	00	0	00	0	0.01	0.01	1	0.1	
54	0	0.4240505	0.4240505	0	00	0	00	0	0.01	0.01	1	0.1	
54.02	0	0.4240505	0.4240505	0	00	0	00	0	0.01	0.01	1	0.1	
54.04	0.02	0.4240505	0.4240505	0	00.02	1	00	0	0.01	0.01	1	0.1	
54.06	0.04	0.4240505	0.4240505	0	00.04	1	00	0	0.01	0.01	1	0.1	
54.08	0.06	0.4240505	0.4240505	0	00.06	1	00	0	0.01	0.01	1	0.1	
54.1	0.08	0.4240505	0.4240505	0	00.08	1	00	0	0.01	0.01	1	0.1	
54.12	0.09999999	0.4240505	0.4240505	0	00.09999999	1	00	0	0.01	0.01	1	0.1	
54.14	0.12	0.4240505	0.4240505	0	00.12	1	00	0	0.01	0.01	1	0.1	
54.16	0.14	0.4240505	0.4240505	0	00.14	1	00	0	0.01	0.01	1	0.1	
54.18	0.16	0.4240505	0.4240505	0	00.16	1	00	0	0.01	0.01	1	0.1	
54.2	0.18	0.4240505	0.4240505	0	00.18	1	00	0	0.01	0.01	1	0.1	
54.22	0.2	0.4240505	0.4240505	0	00.2	1	00	0	0.01	0.01	1	0.1	
54.24	0.22	0.4240505	0.4240505	0	00.22	1	00	0	0.01	0.01	1	0.1	
54.26	0.24	0.4240505	0.4240505	0	00.24	1	00	0	0.01	0.01	1	0.1	
54.28	0.26	0.4240505	0.4240505	0	00.26	1	00	0	0.01	0.01	1	0.1	
54.3	0.28	0.4240505	0.4240505	0	00.28	1	00	0	0.01	0.01	1	0.1	
54.32	0.3	0.4240505	0.4240505	0	00.3	1	00	0	0.01	0.01	1	0.1	
54.34	0.32	0.4240505	0.4240505	0	00.32	1	00	0	0.01	0.01	1	0.1	
54.36	0.34	0.4240505	0.4240505	0	00.34	1	00	0	0.01	0.01	1	0.1	
54.38	0.36	0.4240505	0.4240505	0	00.36	1	00	0	0.01	0.01	1	0.1	
54.4	0.38	0.4240505	0.4240505	0	00.38	1	00	0	0.01	0.01	1	0.1	
54.42	0.4	0.4240505	0.4240505	0	00.4	1	00	0	0.01	0.01	1	0.1	
54.44	0.42	0.4240505	0.4240505	0	00.42	1	00	0	0.01	0.01	1	0.1	
54.46	0.4400001	0.4240505	0.4240505	0	00.4400001	1	00	0	0.01	0.01	1	0.1	
54.48	0.4600001	0.4240505	0.4240505	0	00.4600001	1	00	0	0.01	0.01	1	0.1	
54.5	0.4800001	0.4240505	0.4240505	0	00.4800001	1	00	0	0.01	0.01	1	0.1	
54.52	0.5000001	0.4240505	0.4240505	0	00.5000001	1	00	0	0.01	0.01	1	0.1	
54.54	0.52	0.4240505	0.4240505	0	00.52	1	00	0	0.01	0.01	1	0.1	
54.56	0.54	0.4240505	0.4240505	0	00.54	1	00	0	0.01	0.01	1	0.1	
54.58	0.56	0.4240505	0.4240505	0	00.56	1	00	0	0.01	0.01	1	0.1	
54.6	0.58	0.4240505	0.4240505	0	00.58	1	00	0	0.01	0.01	1	0.1	
54.62	0.6	0.4240505	0.4240505	0	00.6	1	00	0	0.01	0.01	1	0.1	
54.64	0.6199999	0.4240505	0.4240505	0	00.6199999	1	00	0	0.01	0.01	1	0.1	
54.66	0.6399999	0.4240505	0.4240505	0	00.6399999	1	00	0	0.01	0.01	1	0.1	
54.68	0.6599999	0.4240505	0.4240505	0	00.6599999	1	00	0	0.01	0.01	1	0.1	
54.7	0.6599999	0.4240505	0.4240505	0	00.6599999	0	00	0	0.01	0.01	1	0.1	
54.72	0.6599999	0.4240505	0.4240505	0	00.6599999	0	00	0	0.01	0.01	1	0.1	
54.74	0.6599999	0.4240505	0.4240505	0	00.6599999	0	00	0	0.01	0.01	1	0.1	
54.76	0.6599999	0.4240505	0.4240505	0	00.6599999	0	00	0	0.01	0.01	1	0.1	
54.78	0.6599999	0.4240505	0.4240505	0	00.6599999	0	00	0	0.01	0.01	1	0.1	
54.8	0.6599999	0.4240505	0.4240505	0	00.6599999	0	00	0	0.01	0.01	1	0.1	
54.82	0.6599999	0.4240505	0.4240505	0	00.6599999	0	00	0	0.01	0.01	1	0.1	
54.84	0.6599999	0.4240505	0.4240505	0	00.6599999	0	00	0	0.01	0.01	1	0.1	
54.86	0.6599999	0.4240505	0.4240505	0	00.6599999	0	00	0	0.01	0.01	1	0.1	
54.88	0.6599999	0.4240505	0.4240505	0	00.6599999	0	00	0	0.01	0.01	1	0.1	
54.9	0.6599999	0.4240505	0.4240505	0	00.6599999	0	00	0	0.01	0.01	1	0.1	
54.92	0.6599999	0.4240505	0.4240505	0	00.6599999	0	00	0	0.01	0.01	1	0.1	
54.94	0.6599999	0.4240505	0.4240505	0	00.6599999	0	00	0	0.01	0.01	1	0.1	
54.96	0.6599999	0.4240505	0.4240505	0	00.6599999	0	00	0	0.01	0.01	1	0.1	
54.98	0.6599999	0.4240505	0.4240505	0	00.6599999	0	00	0	0.01	0.01	1	0.1	
55	0.6599999	0.4240505	0.4240505	0	00.6599999	0	00	0	0.01	0.01	1	0.1	
55.02	0.6599999	0.4240505	0.4240505	0	00.6599999	0	00	0	0.01	0.01	1	0.1	
55.04	0.6599999	0.4240505	0.4240505	0	00.6599999	0	00	0	0.01	0.01	1	0.1	
55.06	0.6599999	0.4240505	0.4240505	0	00.6599999	0	00	0	0.01	0.01	1	0.1	
55.08	0.6599999	0.4240505	0.4240505	0	00.6599999	0	00	0	0.01	0.01	1	0.1	
55.1	0.6599999	0.4240505	0.4240505	0	00.6599999	0	00	0	0.01	0.01	1	0.1	
55.12	0.6599999	0.4240505	0.4240505	0	00.6599999	0	00	0	0.01	0.01	1	0.1	
55.14	0.6599999	0.4240505	0.4240505	0	00.6599999	0	00	0	0.01	0.01	1	0.1	
55.16	0.6599999	0.4240505	0.4240505	0	00.6599999	0	00	0	0.01	0.01	1	0.1	
55.18	0.6599999	0.4240505	0.4240505	0	00.6599999	0	00	0	0.01	0.01	1	0.1	
55.2	0.6599999	0.4240505	0.4240505	0	00.6599999	0	00	0	0.01	0.01	1	0.1	
55.22	0.6599999	0.4240505	0.4240505	0	00.6599999	0	00	0	0.01	0.01	1	0.1	
55.24	0.6599999	0.4240505	0.4240505	0	00.6599999	0	00	0	0.01	0.01	1	0.1	
55.26	0.6599999	0.4240505	0.4240505	0	00.6599999	0	00	0	0.01	0.01	1	0.1	
55.28	0.6599999	0.4240505	0.4240505	0	00.6599999	0	00	0	0.01	0.01	1	0.1	
55.3	0.6599999	0.4240505	0.4240505	0	00.6599999	0	00	0	0.01	0.01	1	0.1	
55.32	0.6599999	0.4240505	0.4240505	0	00.6599999	0	00	0	0.01	0.01	1	0.1	
55.34	0.6599999	0.4240505	0.4240505	0	00.6599999	0	00	0	0.01	0.01	1	0.1	
55.36	0.6599999	0.4240505	0.4240505	0	00.6599999	0	00	0	0.01	0.01	1	0.1	
55.38	0.6599999	0.4240505	0.4240505	0	00.6599999	0	00	0	0.01	0.01	1	0.1	
55.4	0.6599999	0.4240505	0.4240505	0	00.6599999	0	00	0	0.01	0.01	1	0.1	
55.42	0.6599999	0.4240505	0.4240505	0	00.6599999	0	00	0	0.01	0.01	1	0.1	
55.44	0.6599999	0.4240505	0.4240505	0	00.6599999	0	00	0	0.01	0.01	1	0.1	
55.46	0.6599999	0.4240505	0.4240505	0	00.6599999	0	00	0	0.01	0.01	1	0.1	
55.48	0.6599999	0.4240505	0.4240505	0	00.6599999	0	00	0	0.01	0.01	1	0.1	
55.5	0.6599999	0.4240505	0.4240505	0	00.6599999	0	00	0	0.01	0.01	1	0.1	
55.52	0.6599999	0.4240505	0.4240505	0	00.6599999	0	00	0	0.01	0.01	1	0.1	
55.54	0.6599999	0.4240505	0.4240505	0	00.6599999	0	00	0	0.01	0.01	1	0.1	
55.56	0.6599999	0.4240505	0.4240505	0	00.6599999	0	00	0	0.01	0.01	1	0.1	
55.58	0.6599999	0.4240505	0.4240505	0	00.6599999	0	00	0	0.01	0.01	1	0.1	
55.6	0.6599999	0.4240505	0.4240505	0	00.6599999	0	00	0	0.01	0.01	1	0.1	
55.62	0.6599999	0.4240505	0.4240505	0	00.6599999	0	00	0	0.01	0.01	1	0.1	
55.64	0.6599999	0.4240505	0.4240505	0	00.6599999	0	00	0	0.01	0.01	1	0.1	
55.66	0.6599999	0.4240505	0.4240505	0	00.6599999	0	00	0	0.01	0.01	1	0.1	
55.68	0.6599999	0.4240505	0.4240505	0	00.6599999	0	00	0	0.01	0.01	1	0.1	
55.7	0.6599999	0.4240505	0.4240505	0	00.6599999	0	00	0	0.01	0.01	1	0.1	
55.72	0.6599999	0.4240505	0.4240505	0	00.6599999	0	00	0	0.01	0.01	1	0.1	
55.74	0.6599999	0.4240505	0.4240505	0	00.6599999	0	00	0	0.01	0.01	1	0.1	
55.76	0.6599999	0.4240505	0.4240505	0	00.6599999	0	00	0	0.01	0.01	1	0.1	
55.78	0.6599999	0.4240505	0.4240505	0	00.6599999	0	00	0	0.01	0.01	1	0.1	
55.8	0.6599999	0.4240505	0.4240505	0	00.6599999	0	00	0	0.01	0.01	1	0.1	
55.82	0.6599999	0.4240505	0.4240505	0	00.6599999	0	00	0	0.01	0.01	1	0.1	
55.84	0.6599999	0.4240505	0.4240505	0	00.6599999	0	00	0	0.01	0.01	1	0.1	
55.86	0.6599999	0.4240505	0.4240505	0	00.6599999	0	00	0	0.01	0.01	1	0.1	
55.88	0.6599999	0.4240505	0.4240505	0	00.6599999	0	00	0	0.01	0.01	1	0.1	
55.9	0.6599999	0.4240505	0.4240505	0	00.6599999	0	00	0	0.01	0.01	1	0.1	
55.92	0.6599999	0.4240505	0.4240505	0	00.6599999	0	00	0	0.01	0.01	1	0.1	
55.94	0.6599999	0.4240505	0.4240505	0	00.6599999	0	00	0	0.01	0.01	1	0.1	
55.96	0.6599999	0.4240505	0.4240505	0	00.6599999	0	00	0	0.01	0.01	1	0.1	
55.98	0.6599999	0.4240505	0.4240505	0	00.6599999	0	00	0	0.01	0.01	1	0.1	
56	0.6599999	0.4240505	0.4240505	0	00.6599999	0	00	0	0.01	0.01	1	0.1	
56.02	0.6599999	0.4240505	0.4240505	0	00.6599999	0	00	0	0.01	0.01	1	0.1	
56.04	0.6599999	0.4240505	0.4240505	0	00.6599999	0	00	0	0.01	0.01	1	0.1	
56.06	0.6599999	0.4240505	0.4240505	0	00.6599999	0	00	0	0.01	0.01	1	0.1	
56.08	0.6599999	0.4240505	0.4240505	0	00.6599999	0	00	0	0.01	0.01	1	0.1	
56.1	0.6599999	0.4240505	0.4240505	0	00.6599999	0	00	0	0.01	0.01	1	0.1	
56.12	0.6599999	0.4240505	0.4240505	0	00.6599999	0	00	0	0.01	0.01	1	0.1	
56.14	0.6599999	0.4240505	0.4240505	0	00.6599999	0	00	0	0.01	0.01	1	0.1	
56.16	0.6599999	0.4240505	0.4240505	0	00.6599999	0	00	0	0.01	0.01	1	0.1	
56.18	0.6599999	0.4240505	0.4240505	0	00.6599999	0	00	0	0.01	0.01	1	0.1	
56.2	0.6599999	0.4240505	0.4240505	0	00.6599999	0	00	0	0.01	0.01	1	0.1	
56.22	0.6599999	0.4240505	0.4240505	0	00.6599999	0	00	0	0.01	0.01	1	0.1	
56.24	0.6599999	0.4240505	0.4240505	0	00.6599999	0	00	0	0.01	0.01	1	0.1	
56.26	0.6599999	0.4240505	0.4240505	0	00.6599999	0	00	0	0.01	0.01	1	0.1	
56.28	0.6599999	0.4240505	0.4240505	0	00.6599999	0	00	0	0.01	0.01	1	0.1	
56.3	0.6599999	0.4240505	0.4240505	0	00.6599999	0	00	0	0.01	0.01	1	0.1	
56.32	0.6599999	0.4240505	0.4240505	0	00.6599999	0	00	0	0.01	0.01	1	0.1	
56.34	0.6599999	0.4240505	0.4240505	0	00.6599999	0	00	0	0.01	0.01	1	0.1	
56.36	0.6599999	0.4240505	0.4240505	0	00.6599999	0	00	0	0.01	0.01	1	0.1	
56.38	0.6599999	0.4240505	0.4240505	0	00.6599999	0	00	0	0.01	0.01	1	0.1	
56.4	0.6599999	0.4240505	0.4240505	0	00.6599999	0	00	0	0.01	0.01	1	0.1	
56.42	0.6599999	0.4240505	0.4240505	0	00.6599999	0	00	0	0.01	0.01	1	0.1	
56.44	0.6599999	0.4240505	0.4240505	0	00.6599999	0	00	0	0.01	0.01	1	0.1	
56.46	0.6599999	0.4240505	0.4240505	0	00.6599999	0	00	0	0.01	0.01	1	0.1	
56.48	0.6599999	0.4240505	0.4240505	0	00.6599999	0	00	0	0.01	0.01	1	0.1	
56.5	0.6599999	0.4240505	0.4240505	0	00.6599999	0	00	0	0.01	0.01	1	0.1	
56.52	0.6599999	0.4240505	0.4240505	0	00.6599999	0	00	0	0.01	0.01	1	0.1	
56.54	0.6599999	0.4240505	0.4240505	0	00.6599999	0	00	0	0.01	0.01	1	0.1	
56.56	0.6599999	0.4240505	0.4240505	0	00.6599999	0	00	0	0.01	0.01	1	0.1	
56.58	0.6599999	0.4240505	0.4240505	0	00.6599999	0	00	0	0.01	0.01	1	0.1	
56.6	0.6599999	0.4240505	0.4240505	0	00.6599999	0	00	0	0.01	0.01	1	0.1	
56.62	0.6599999	0.4240505	0.4240505	0	00.6599999	0	00	0	0.01	0.01	1	0.1	
56.64	0.6599999	0.4240505	0.4240505	0	00.6599999	0	00	0	0.01	0.01	1	0.1	
56.66	0.6599999	0.4240505	0.4240505	0	00.6599999	0	00	0	0.01	0.01	1	0.1	
56.68	0.6599999	0.4240505	0.4240505	0	00.6599999	0	00	0	0.01	0.01	1	0.1	
56.7	0.6599999	0.4240505	0.4240505	0	00.6599999	0	00	0	0.01	0.01	1	0.1	
56.72	0.6599999	0.4240505	0.4240505	0	00.6599999	0	00	0	0.01	0.01	1	0.1	
56.74	0.6599999	0.4240505	0.4240505	0	00.6599999	0	00	0	0.01	0.01	1	0.1	
56.76	0.6599999	0.4240505	0.4240505	0	00.6599999	0	00	0	0.01	0.01	1	0.1	
56.78	0.6599999	0.4240505	0.4240505	0	00.6599999	0	00	0	0.01	0.01	1	0.1	
56.8	0.6599999	0.4240505	0.4240505	0	00.6599999	0	00	0	0.01	0.01	1	0.1	
56.82	0.6599999	0.4240505	0.4240505	0	00.6599999	0	00	0	0.01	0.01	1	0.1	
56.84	0.6599999	0.4240505	0.4240505	0	00.6599999	0	00	0	0.01	0.01	1	0.1	
56.86	0.6599999	0.4240505	0.4240505	0	00.6599999	0	00	0	0.01	0.01	1	0.1	
56.88	0.6599999	0.4240505	0.4240505	0	00.6599999	0	00	0	0.01	0.01	1	0.1	
56.9	0.6599999	0.4240505	0.4240505	0	00.6599999	0	00	0	0.01	0.01	1	0.1	
56.92	0.6599999	0.4240505	0.4240505	0	00.6599999	0	00	0	0.01	0.01	1	0.1	
56.94	0.6599999	0.4240505	0.4240505	0	00.6599999	0	00	0	0.01	0.01	1	0.1	
56.96	0.6599999	0.4240505	0.4240505	0	00.6599999	0	00	0	0.01	0.01	1	0.1	
56.98	0.6599999	0.4240505	0.4240505	0	00.6599999	0	00	0	0.01	0.01	1	0.1	
57	0.6599999	0.4240505	0.4240505	0	00.6599999	0	00	0	0.01	0.01	1	0.1	
57.02	0.6599999	0.4240505	0.4240505	0	00.6599999	0	00	0	0.01	0.01	1	0.1	
57.04	0.6599999	0.4240505	0.4240505	0	00.6599999	0	00	0	0.01	0.01	1	0.1	
57.06	0.6599999	0.4240505	0.4240505	0	00.6599999	0	00	0	0.01	0.01	1	0.1	
57.08	0.6599999	0.4240505	0.4240505	0	00.6599999	0	00	0	0.01	0.01	1	0.1	
57.1	0.6599999	0.4240505	0.4240505	0	00.6599999	0	00	0	0.01	0.01	1	0.1	
57.12	0.6599999	0.4240505	0.4240505	0	00.6599999	0	00	0	0.01	0.01	1	0.1	
57.14	0.6599999	0.4240505	0.4240505	0	00.6599999	0	00	0	0.01	0.01	1	0.1	
57.16	0.6599999	0.4240505	0.4240505	0	00.6599999	0	00	0	0.01	0.01	1	0.1	
57.18	0.6599999	0.4240505	0.4240505	0	00.6599999	0	00	0	0.01	0.01	1	0.1	
57.2	0.6599999	0.4240505	0.4240505	0	00.6599999	0	00	0	0.01	0.01	1	0.1	
57.22	0.6599999	0.4240505	0.4240505	0	00.6599999	0	00	0	0.01	0.01	1	0.1	
57.24	0.6599999	0.4240505	0.4240505	0	00.6599999	0	00	0	0.01	0.01	1	0.1	
57.26	0.6599999	0.4240505	0.4240505	0	00.6599999	0	00	0	0.01	0.01	1	0.1	
57.28	0.6599999	0.4240505	0.4240505	0	00.6599999	0	00	0	0.01	0.01	1	0.1	
57.3	0.6599999	0.4240505	0.4240505	0	00.6599999	0	00	0	0.01	0.01	1	0.1	
57.32	0.6599999	0.4240505	0.4240505	0	00.6599999	0	00	0	0.01	0.01	1	0.1	
57.34	0.6599999	0.4240505	0.4240505	0	00.6599999	0	00	0	0.01	0.01	1	0.1	
57.36	0.6599999	0.4240505	0.4240505	0	00.6599999	0	00	0	0.01	0.01	1	0.1	
57.38	0.6599999	0.4240505	0.4240505	0	00.6599999	0	00	0	0.01	0.01	1	0.1	
57.4	0.6599999	0.4240505	0.4240505	0	00.6599999	0	00	0	0.01	0.01	1	0.1	
57.42	0.6599999	0.4240505	0.4240505	0	00.6599999	0	00	0	0.01	0.01	1	0.1	
57.44	0.6599999	0.4240505	0.4240505	0	00.6599999	0	00	0	0.01	0.01	1	0.1	
57.46	0.6599999	0.4240505	0.4240505	0	00.6599999	0	00	0	0.01	0.01	1	0.1	
57.48	0.6599999	0.4240505	0.4240505	0	00.6599999	0	00	0	0.01	0.01	1	0.1	
57.5	0.6599999	0.4240505	0.4240505	0	00.6599999	0	00	0	0.01	0.01	1	0.1	
57.52	0.6599999	0.4240505	0.4240505	0	00.6599999	0	00	0	0.01	0.01	1	0.1	
57.54	0.6599999	0.4240505	0.4240505	0	00.6599999	0	00	0	0.01	0.01	1	0.1	
57.56	0.6599999	0.4240505	0.4240505	0	00.6599999	0	00	0	0.01	0.01	1	0.1	
57.58	0.6599999	0.4240505	0.4240505	0	00.6599999	0	00	0	0.01	0.01	1	0.1	
57.6	0.6599999	0.4240505	0.4240505	0	00.6599999	0	00	0	0.01	0.01	1	0.1	
57.62	0.6599999	0.4240505	0.4240505	0	00.6599999	0	00	0	0.01	0.01	1	0.1	
57.64	0.6599999	0.4240505	0.4240505	0	00.6599999	0	00	0	0.01	0.01	1	0.1	
57.66	0.6599999	0.4240505	0.4240505	0	00.6599999	0	00	0	0.01	0.01	1	0.1	
57.68	0.6599999	0.4240505	0.4240505	0	00.6599999	0	00	0	0.01	0.01	1	0.1	
57.7	0.6599999	0.4240505	0.4240505	0	00.6599999	0	00	0	0.01	0.01	1	0.1	
57.72	0.6599999	0.4240505	0.4240505	0	00.6599999	0	00	0	0.01	0.01	1	0.1	
57.74	0.6599999	0.4240505	0.4240505	0	00.6599999	0	00	0	0.01	0.01	1	0.1	
57.76	0.6599999	0.4240505	0.4240505	0	00.6599999	0	00	0	0.01	0.01	1	0.1	
57.78	0.6599999	0.4240505	0.4240505	0	00.6599999	0	00	0	0.01	0.01	1	0.1	
57.8	0.6599999	0.4240505	0.4240505	0	00.6599999	0	00	0	0.01	0.01	1	0.1	
57.82	0.6599999	0.4240505	0.4240505	0	00.6599999	0	00	0	0.01	0.01	1	0.1	
57.84	0.6599999	0.4240505	0.4240505	0	00.6599999	0	00	0	0.01	0.01	1	0.1	
57.86	0.6599999	0.4240505	0.4240505	0	00.6599999	0	00	0	0.01	0.01	1	0.1	
57.88	0.6599999	0.4240505	0.4240505	0	00.6599999	0	00	0	0.01	0.01	1	0.1	
57.9	0.6599999	0.4240505	0.4240505	0	00.6599999	0	00	0	0.01	0.01	1	0.1	
57.92	0.6599999	0.4240505	0.4240505	0	00.6599999	0	00	0	0.01	0.01	1	0.1	
57.94	0.6599999	0.4240505	0.4240505	0	00.6599999	0	00	0	0.01	0.01	1	0.1	
57.96	0.6599999	0.4240505	0.4240505	0	00.6599999	0	00	0	0.01	0.01	1	0.1	
57.98	0.6599999	0.4240505	0.4240505	0	00.6599999	0	00	0	0.01	0.01	1	0.1	
58	0.6599999	0.4240505	0.4240505	0	00.6599999	0	00	0	0.01	0.01	1	0.1	
58.02	0.6599999	0.4240505	0.4240505	0	00.6599999	0	00	0	0.01	0.01	1	0.1	
58.04	0.6599999	0.4240505	0.4240505	0	00.6599999	0	00	0	0.01	0.01	1	0.1	
58.06	0.6599999	0.4240505	0.4240505	0	00.6599999	0	00	0	0.01	0.01	1	0.1	
58.08	0.6599999	0.4240505	0.4240505	0	00.6599999	0	00	0	0.01	0.01	1	0.1	
58.1	0.6599999	0.4240505	0.4240505	0	00.6599999	0	00	0	0.01	0.01	1	0.1	
58.12	0.6599999	0.4240505	0.4240505	0	00.6599999	0	00	0	0.01	0.01	1	0.1	
58.14	0.6599999	0.4240505	0.4240505	0	00.6599999	0	00	0	0.01	0.01	1	0.1	
58.16	0.6599999	0.4240505	0.4240505	0	00.6599999	0	00	0	0.01	0.01	1	0.1	
58.18	0.6599999	0.4240505	0.4240505	0	00.6599999	0	00	0	0.01	0.01	1	0.1	
58.2	0.6599999	0.4240505	0.4240505	0	00.6599999	0	00	0	0.01	0.01	1	0.1	
58.22	0.6599999	0.4240505	0.4240505	0	00.6599999	0	00	0	0.01	0.01	1	0.1	
58.24	0.6599999	0.4240505	0.4240505	0	00.6599999	0	00	0	0.01	0.01	1	0.1	
58.26	0.6599999	0.4240505	0.4240505	0	00.6599999	0	00	0	0.01	0.01	1	0.1	
58.28	0.6599999	0.4240505	0.4240505	0	00.6599999	0	00	0	0.01	0.01	1	0.1	
58.3	0.6599999	0.4240505	0.4240505	0	00.6599999	0	00	0	0.01	0.01	1	0.1	
58.32	0.6599999	0.4240505	0.4240505	0	00.6599999	0	00	0	0.01	0.01	1	0.1	
58.34	0.6599999	0.4240505	0.4240505	0	00.6599999	0	00	0	0.01	0.01	1	0.1	
58.36	0.6599999	0.4040505	0.4040505	-1	00.6599999	0	00	0	0.01	0.01	1	0.1	
58.38	0.6599999	0.3840505	0.3840505	-1	00.6599999	0	00	0	0.01	0.01	1	0.1	
58.4	0.6599999	0.3640505	0.3640505	-1	00.6599999	0	00	0	0.01	0.01	1	0.1	
58.42	0.6599999	0.3440505	0.3440505	-1	00.6599999	0	00	0	0.01	0.01	1	0.1	
58.44	0.6599999	0.3240505	0.3240505	-1	00.6599999	0	00	0	0.01	0.01	1	0.1	
58.46	0.6599999	0.3040505	0.3040505	-1	00.6599999	0	00	0	0.01	0.01	1	0.1	
58.48	0.6599999	0.2840505	0.2840505	-1	00.6599999	0	00	0	0.01	0.01	1	0.1	
58.5	0.6599999	0.2640505	0.2640505	-1	00.6599999	0	00	0	0.01	0.01	1	0.1	
58.52	0.6599999	0.2440505	0.2440505	-1	00.6599999	0	00	0	0.01	0.01	1	0.1	
58.54	0.6599999	0.2240505	0.2240505	-1	00.6599999	0	00	0	0.01	0.01	1	0.1	
58.56	0.6599999	0.2040505	0.2040505	-1	00.6599999	0	00	0	0.01	0.01	1	0.1	
58.58	0.6599999	0.1840505	0.1840505	-1	00.6599999	0	00	0	0.01	0.01	1	0.1	
58.6	0.6599999	0.1640505	0.1640505	-1	00.6599999	0	00	0	0.01	0.01	1	0.1	
58.62	0.6599999	0.1440505	0.1440505	-1	00.6599999	0	00	0	0.01	0.01	1	0.1	
58.64	0.6599999	0.1240505	0.1240505	-1	00.6599999	0	00	0	0.01	0.01	1	0.1	
58.66	0.6599999	0.1040505	0.1040505	-1	00.6599999	0	00	0	0.01	0.01	1	0.1	
58.68	0.6599999	0.08405049	0.08405049	-1	00.6599999	0	00	0	0.01	0.01	1	0.1	
58.7	0.6599999	0.08405049	0.08405049	0	00.6599999	0	00	0	0.01	0.01	1	0.1	
58.72	0.6599999	0.08405049	0.08405049	0	00.6599999	0	00	0	0.01	0.01	1	0.1	
58.74	0.6599999	0.08405049	0.08405049	0	00.6599999	0	00	0	0.01	0.01	1	0.1	
58.76	0.6599999	0.08405049	0.08405049	0	00.6599999	0	00	0	0.01	0.01	1	0.1	
58.78	0.6599999	0.08405049	0.08405049	0	00.6599999	0	00	0	0.01	0.01	1	0.1	
58.8	0.6599999	0.08405049	0.08405049	0	00.6599999	0	00	0	0.01	0.01	1	0.1	
58.82	0.6599999	0.08405049	0.08405049	0	00.6599999	0	00	0	0.01	0.01	1	0.1	
58.84	0.6599999	0.08405049	0.08405049	0	00.6599999	0	00	0	0.01	0.01	1	0.1	
58.86	0.6599999	0.08405049	0.08405049	0	00.6599999	0	00	0	0.01	0.01	1	0.1	
58.88	0.6599999	0.08405049	0.08405049	0	00.6599999	0	00	0	0.01	0.01	1	0.1	
58.9	0.6599999	0.08405049	0.08405049	0	00.6599999	0	00	0	0.01	0.01	1	0.1	
58.92	0.6599999	0.08405049	0.08405049	0	00.6599999	0	00	0	0.01	0.01	1	0.1	
58.94	0.6599999	0.08405049	0.08405049	0	00.6599999	0	00	0	0.01	0.01	1	0.1	
58.96	0.6599999	0.08405049	0.08405049	0	00.6599999	0	00	0	0.01	0.01	1	0.1	
58.98	0.6599999	0.08405049	0.08405049	0	00.6599999	0	00	0	0.01	0.01	1	0.1	
59	0.6599999	0.08405049	0.08405049	0	00.6599999	0	00	0	0.01	0.01	1	0.1	
59.02	0.6599999	0.08405049	0.08405049	0	00.6599999	0	00	0	0.01	0.01	1	0.1	
59.04	0.6599999	0.08405049	0.08405049	0	00.6599999	0	00	0	0.01	0.01	1	0.1	
59.06	0.6599999	0.08405049	0.08405049	0	00.6599999	0	00	0	0.01	0.01	1	0.1	
59.08	0.6599999	0.08405049	0.08405049	0	00.6599999	0	00	0	0.01	0.01	1	0.1	
59.1	0.6599999	0.08405049	0.08405049	0	00.6599999	0	00	0	0.01	0.01	1	0.1	
59.12	0.6599999	0.08405049	0.08405049	0	00.6599999	0	00	0	0.01	0.01	1	0.1	
59.14	0.6599999	0.08405049	0.08405049	0	00.6599999	0	00	0	0.01	0.01	1	0.1	
59.16	0.6599999	0.08405049	0.08405049	0	00.6599999	0	00	0	0.01	0.01	1	0.1	
59.18	0.6599999	0.08405049	0.08405049	0	00.6599999	0	00	0	0.01	0.01	1	0.1	
59.2	0.6599999	0.08405049	0.08405049	0	00.6599999	0	00	0	0.01	0.01	1	0.1	
59.22	0.6599999	0.08405049	0.08405049	0	00.6599999	0	00	0	0.01	0.01	1	0.1	
59.24	0.6599999	0.08405049	0.08405049	0	00.6599999	0	00	0	0.01	0.01	1	0.1	
59.26	0.6599999	0.08405049	0.08405049	0	00.6599999	0	00	0	0.01	0.01	1	0.1	
59.28	0.6599999	0.08405049	0.08405049	0	00.6599999	0	00	0	0.01	0.01	1	0.1	
59.3	0.6599999	0.08405049	0.08405049	0	00.6599999	0	00	0	0.01	0.01	1	0.1	
59.32	0.6599999	0.08405049	0.08405049	0	00.6599999	0	00	0	0.01	0.01	1	0.1	
59.34	0.6599999	0.08405049	0.08405049	0	00.6599999	0	00	0	0.01	0.01	1	0.1	
59.36	0.6599999	0.1040505	0.1040505	1	00.6599999	0	00	0	0.01	0.01	1	0.1	
59.38	0.6599999	0.1240505	0.1240505	1	00.6599999	0	00	0	0.01	0.01	1	0.1	
59.4	0.6599999	0.1440505	0.1440505	1	00.6599999	0	00	0	0.01	0.01	1	0.1	
59.42	0.6599999	0.1640505	0.1640505	1	00.6599999	0	00	0	0.01	0.01	1	0.1	
59.44	0.6599999	0.1840505	0.1840505	1	00.6599999	0	00	0	0.01	0.01	1	0.1	
59.46	0.6599999	0.2040505	0.2040505	1	00.6599999	0	00	0	0.01	0.01	1	0.1	
59.48	0.6599999	0.2240505	0.2240505	1	00.6599999	0	00	0	0.01	0.01	1	0.1	
59.5	0.6599999	0.2440505	0.2440505	1	00.6599999	0	00	0	0.01	0.01	1	0.1	
59.52	0.6599999	0.2640505	0.2640505	1	00.6599999	0	00	0	0.01	0.01	1	0.1	
59.54	0.6599999	0.2840505	0.2840505	1	00.6599999	0	00	0	0.01	0.01	1	0.1	
59.56	0.6599999	0.3040505	0.3040505	1	00.6599999	0	00	0	0.01	0.01	1	0.1	
59.58	0.6599999	0.3240505	0.3240505	1	00.6599999	0	00	0	0.01	0.01	1	0.1	
59.6	0.6599999	0.3440505	0.3440505	1	00.6599999	0	00	0	0.01	0.01	1	0.1	
59.62	0.6599999	0.3640505	0.3640505	1	00.6599999	0	00	0	0.01	0.01	1	0.1	
59.64	0.6599999	0.3840505	0.3840505	1	00.6599999	0	00	0	0.01	0.01	1	0.1	
59.66	0.6599999	0.4040505	0.4040505	1	00.6599999	0	00	0	0.01	0.01	1	0.1	
59.68	0.6599999	0.4240505	0.4240505	1	00.6599999	0	00	0	0.01	0.01	1	0.1	
59.7	0.6599999	0.4440506	0.4440506	1	00.6599999	0	00	0	0.01	0.01	1	0.1	
59.72	0.6599999	0.4640506	0.4640506	1	00.6599999	0	00	0	0.01	0.01	1	0.1	
59.74	0.6599999	0.4840506	0.4840506	1	00.6599999	0	00	0	0.01	0.01	1	0.1	
59.76	0.6599999	0.5040506	0.5040506	1	00.6599999	0	00	0	0.01	0.01	1	0.1	
59.78	0.6599999	0.5240505	0.5240505	1	00.6599999	0	00	0	0.01	0.01	1	0.1	
59.8	0.6599999	0.5440505	0.5440505	1	00.6599999	0	00	0	0.01	0.01	1	0.1	
59.82	0.6599999	0.5640505	0.5640505	1	00.6599999	0	00	0	0.01	0.01	1	0.1	
59.84	0.6599999	0.5840505	0.5840505	1	00.6599999	0	00	0	0.01	0.01	1	0.1	
59.86	0.6599999	0.6040505	0.6040505	1	00.6599999	0	00	0	0.01	0.01	1	0.1	
59.88	0.6599999	0.6240504	0.6240504	1	00.6599999	0	00	0	0.01	0.01	1	0.1	
59.9	0.6599999	0.6440504	0.6440504	1	00.6599999	0	00	0	0.01	0.01	1	0.1	
59.92	0.6599999	0.6640504	0.6640504	1	00.6599999	0	00	0	0.01	0.01	1	0.1	
59.94	0.6599999	0.6840504	0.6840504	1	00.6599999	0	00	0	0.01	0.01	1	0.1	
59.96	0.6599999	0.7040504	0.7040504	1	00.6599999	0	00	0	0.01	0.01	1	0.1	
59.98	0.6599999	0.7240503	0.7240503	1	00.6599999	0	00	0	0.01	0.01	1	0.1	
60	0.6599999	0.7440503	0.7440503	1	00.6599999	0	00	0	0.01	0.01	1	0.1	
60.02	0.6599999	0.7640503	0.7640503	1	00.6599999	0	00	0	0.01	0.01	1	0.1	
60.04	0.6599999	0.7640503	0.7640503	0	00.6599999	0	00	0	0.01	0.01	1	0.1	
60.06	0.6599999	0.7640503	0.7640503	0	00.6599999	0	00	0	0.01	0.01	1	0.1	
60.08	0.6599999	0.7640503	0.7640503	0	00.6599999	0	00	0	0.01	0.01	1	0.1	
60.1	0.6599999	0.7640503	0.7640503	0	00.6599999	0	00	0	0.01	0.01	1	0.1	
60.12	0.6599999	0.7640503	0.7640503	0	00.6599999	0	00	0	0.01	0.01	1	0.1	
60.14	0.6599999	0.7640503	0.7640503	0	00.6599999	0	00	0	0.01	0.01	1	0.1	
60.16	0.6599999	0.7640503	0.7640503	0	00.6599999	0	00	0	0.01	0.01	1	0.1	
60.18	0.6599999	0.7640503	0.7640503	0	00.6599999	0	00	0	0.01	0.01	1	0.1	
60.2	0.6599999	0.7640503	0.7640503	0	00.6599999	0	00	0	0.01	0.01	1	0.1	
60.22	0.6599999	0.7640503	0.7640503	0	00.6599999	0	00	0	0.01	0.01	1	0.1	
60.24	0.6599999	0.7640503	0.7640503	0	00.6599999	0	00	0	0.01	0.01	1	0.1	
60.26	0.6599999	0.7640503	0.7640503	0	00.6599999	0	00	0	0.01	0.01	1	0.1	
60.28	0.6599999	0.7640503	0.7640503	0	00.6599999	0	00	0	0.01	0.01	1	0.1	
60.3	0.6599999	0.7640503	0.7640503	0	00.6599999	0	00	0	0.01	0.01	1	0.1	
60.32	0.6599999	0.7640503	0.7640503	0	00.6599999	0	00	0	0.01	0.01	1	0.1	
60.34	0.6599999	0.7640503	0.7640503	0	00.6599999	0	00	0	0.01	0.01	1	0.1	
60.36	0.6599999	0.7640503	0.7640503	0	00.6599999	0	00	0	0.01	0.01	1	0.1	
60.38	0.6599999	0.7640503	0.7640503	0	00.6599999	0	00	0	0.01	0.01	1	0.1	
60.4	0.6599999	0.7640503	0.7640503	0	00.6599999	0	00	0	0.01	0.01	1	0.1	
60.42	0.6599999	0.7640503	0.7640503	0	00.6599999	0	00	0	0.01	0.01	1	0.1	
60.44	0.6599999	0.7640503	0.7640503	0	00.6599999	0	00	0	0.01	0.01	1	0.1	
60.46	0.6599999	0.7640503	0.7640503	0	00.6599999	0	00	0	0.01	0.01	1	0.1	
60.48	0.6599999	0.7640503	0.7640503	0	00.6599999	0	00	0	0.01	0.01	1	0.1	
60.5	0.6599999	0.7640503	0.7640503	0	00.6599999	0	00	0	0.01	0.01	1	0.1	
60.52	0.6599999	0.7640503	0.7640503	0	00.6599999	0	00	0	0.01	0.01	1	0.1	
60.54	0.6599999	0.7640503	0.7640503	0	00.6599999	0	00	0	0.01	0.01	1	0.1	
60.56	0.6599999	0.7640503	0.7640503	0	00.6599999	0	00	0	0.01	0.01	1	0.1	
60.58	0.6599999	0.7640503	0.7640503	0	00.6599999	0	00	0	0.01	0.01	1	0.1	
60.6	0.6599999	0.7640503	0.7640503	0	00.6599999	0	00	0	0.01	0.01	1	0.1	
60.62	0.6599999	0.7640503	0.7640503	0	00.6599999	0	00	0	0.01	0.01	1	0.1	
60.64	0.6599999	0.7640503	0.7640503	0	00.6599999	0	00	0	0.01	0.01	1	0.1	
60.66	0.6599999	0.7640503	0.7640503	0	00.6599999	0	00	0	0.01	0.01	1	0.1	
60.68	0.6599999	0.7640503	0.7640503	0	00.6599999	0	00	0	0.01	0.01	1	0.1	
60.7	0.6599999	0.7440503	0.7440503	-1	00.6599999	0	00	0	0.01	0.01	1	0.1	
60.72	0.6599999	0.7240503	0.7240503	-1	00.6599999	0	00	0	0.01	0.01	1	0.1	
60.74	0.6599999	0.7040504	0.7040504	-1	00.6599999	0	00	0	0.01	0.01	1	0.1	
60.76	0.6599999	0.6840504	0.6840504	-1	00.6599999	0	00	0	0.01	0.01	1	0.1	
60.78	0.6599999	0.6640504	0.6640504	-1	00.6599999	0	00	0	0.01	0.01	1	0.1	
60.8	0.6599999	0.6440504	0.6440504	-1	00.6599999	0	00	0	0.01	0.01	1	0.1	
60.82	0.6599999	0.6240504	0.6240504	-1	00.6599999	0	00	0	0.01	0.01	1	0.1	
60.84	0.6599999	0.6040505	0.6040505	-1	00.6599999	0	00	0	0.01	0.01	1	0.1	
60.86	0.6599999	0.5840505	0.5840505	-1	00.6599999	0	00	0	0.01	0.01	1	0.1	
60.88	0.6599999	0.5640505	0.5640505	-1	00.6599999	0	00	0	0.01	0.01	1	0.1	
60.9	0.6599999	0.5440505	0.5440505	-1	00.6599999	0	00	0	0.01	0.01	1	0.1	
60.92	0.6599999	0.5240505	0.5240505	-1	00.6599999	0	00	0	0.01	0.01	1	0.1	
60.94	0.6599999	0.5040506	0.5040506	-1	00.6599999	0	00	0	0.01	0.01	1	0.1	
60.96	0.6599999	0.4840505	0.4840505	-1	00.6599999	0	00	0	0.01	0.01	1	0.1	
60.98	0.6599999	0.4640505	0.4640505	-1	00.6599999	0	00	0	0.01	0.01	1	0.1	
61	0.6599999	0.4440505	0.4440505	-1	00.6599999	0	00	0	0.01	0.01	1	0.1	
61.02	0.6599999	0.4240505	0.4240505	-1	00.6599999	0	00	0	0.01	0.01	1	0.1	
61.04	0.6599999	0.4040505	0.4040505	-1	00.6599999	0	00	0	0.01	0.01	1	0.1	
61.06	0.6599999	0.3840505	0.3840505	-1	00.6599999	0	00	0	0.01	0.01	1	0.1	
61.08	0.6599999	0.3640505	0.3640505	-1	00.6599999	0	00	0	0.01	0.01	1	0.1	
61.1	0.6599999	0.3440505	0.3440505	-1	00.6599999	0	00	0	0.01	0.01	1	0.1	
61.12	0.6599999	0.3240505	0.3240505	-1	00.6599999	0	00	0	0.01	0.01	1	0.1	
61.14	0.6599999	0.3040504	0.3040504	-1	00.6599999	0	00	0	0.01	0.01	1	0.1	
61.16	0.6599999	0.2840504	0.2840504	-1	00.6599999	0	00	0	0.01	0.01	1	0.1	
61.18	0.6599999	0.2640504	0.2640504	-1	00.6599999	0	00	0	0.01	0.01	1	0.1	
61.2	0.6599999	0.2440504	0.2440504	-1	00.6599999	0	00	0	0.01	0.01	1	0.1	
61.22	0.6599999	0.2240504	0.2240504	-1	00.6599999	0	00	0	0.01	0.01	1	0.1	
61.24	0.6599999	0.2040504	0.2040504	-1	00.6599999	0	00	0	0.01	0.01	1	0.1	
61.26	0.6599999	0.1840504	0.1840504	-1	00.6599999	0	00	0	0.01	0.01	1	0.1	
61.28	0.6599999	0.1640504	0.1640504	-1	00.6599999	0	00	0	0.01	0.01	1	0.1	
61.3	0.6599999	0.1440504	0.1440504	-1	00.6599999	0	00	0	0.01	0.01	1	0.1	
61.32	0.6599999	0.1240505	0.1240505	-1	00.6599999	0	00	0	0.01	0.01	1	0.1	
61.34	0.6599999	0.1040505	0.1040505	-1	00.6599999	0	00	0	0.01	0.01	1	0.1	
61.36	0.6599999	0.08405046	0.08405046	-1	00.6599999	0	00	0	0.01	0.01	1	0.1	
61.38	0.6599999	0.06405047	0.06405047	-1	00.6599999	0	00	0	0.01	0.01	1	0.1	
61.4	0.6599999	0.04405047	0.04405047	-1	00.6599999	0	00	0	0.01	0.01	1	0.1	
61.42	0.6599999	0.02405047	0.02405047	-1	00.6599999	0	00	0	0.01	0.01	1	0.1	
61.44	0.6599999	0.004050467	0.004050467	-1	00.6599999	0	00	0	0.01	0.01	1	0.1	
61.46	0.6599999	-0.01594953	-0.01594953	-1	00.6599999	0	00	0	0.01	0.01	1	0.1	
61.48	0.6599999	-0.03594953	-0.03594953	-1	00.6599999	0	00	0	0.01	0.01	1	0.1	
61.5	0.6599999	-0.05594953	-0.05594953	-1	00.6599999	0	00	0	0.01	0.01	1	0.1	
61.52	0.6599999	-0.07594953	-0.07594953	-1	00.6599999	0	00	0	0.01	0.01	1	0.1	
61.54	0.6599999	-0.09594953	-0.09594953	-1	00.6599999	0	00	0	0.01	0.01	1	0.1	
61.56	0.6599999	-0.1159495	-0.1159495	-1	00.6599999	0	00	0	0.01	0.01	1	0.1	
61.58	0.6599999	-0.1359495	-0.1359495	-1	00.6599999	0	00	0	0.01	0.01	1	0.1	
61.6	0.6599999	-0.1559495	-0.1559495	-1	00.6599999	0	00	0	0.01	0.01	1	0.1	
61.62	0.6599999	-0.1759495	-0.1759495	-1	00.6599999	0	00	0	0.01	0.01	1	0.1	
61.64	0.6599999	-0.1959495	-0.1959495	-1	00.6599999	0	00	0	0.01	0.01	1	0.1	
61.66	0.6599999	-0.2159495	-0.2159495	-1	00.6599999	0	00	0	0.01	0.01	1	0.1	
61.68	0.6599999	-0.2359495	-0.2359495	-1	00.6599999	0	00	0	0.01	0.01	1	0.1	
61.7	0.6599999	-0.2559495	-0.2559495	-1	00.6599999	0	00	0	0.01	0.01	1	0.1	
61.72	0.6599999	-0.2759495	-0.2759495	-1	00.6599999	0	00	0	0.01	0.01	1	0.1	
61.74	0.6599999	-0.2959495	-0.2959495	-1	00.6599999	0	00	0	0.01	0.01	1	0.1	
61.76	0.6599999	-0.3159495	-0.3159495	-1	00.6599999	0	00	0	0.01	0.01	1	0.1	
61.78	0.6599999	-0.3359495	-0.3359495	-1	00.6599999	0	00	0	0.01	0.01	1	0.1	
61.8	0.6599999	-0.3559496	-0.3559496	-1	00.6599999	0	00	0	0.01	0.01	1	0.1	
61.82	0.6599999	-0.3759496	-0.3759496	-1	00.6599999	0	00	0	0.01	0.01	1	0.1	
61.84	0.6599999	-0.3959496	-0.3959496	-1	00.6599999	0	00	0	0.01	0.01	1	0.1	
61.86	0.6599999	-0.4159496	-0.4159496	-1	00.6599999	0	00	0	0.01	0.01	1	0.1	
61.88	0.6599999	-0.4359496	-0.4359496	-1	00.6599999	0	00	0	0.01	0.01	1	0.1	
61.9	0.6599999	-0.4559496	-0.4559496	-1	00.6599999	0	00	0	0.01	0.01	1	0.1	
61.92	0.6599999	-0.4759496	-0.4759496	-1	00.6599999	0	00	0	0.01	0.01	1	0.1	
61.94	0.6599999	-0.4959496	-0.4959496	-1	00.6599999	0	00	0	0.01	0.01	1	0.1	
61.96	0.6599999	-0.5159496	-0.5159496	-1	00.6599999	0	00	0	0.01	0.01	1	0.1	
61.98	0.6599999	-0.5359496	-0.5359496	-1	00.6599999	0	00	0	0.01	0.01	1	0.1	
62	0.6599999	-0.5559496	-0.5559496	-1	00.6599999	0	00	0	0.01	0.01	1	0.1	
62.02	0.6599999	-0.5759495	-0.5759495	-1	00.6599999	0	00	0	0.01	0.01	1	0.1	
62.04	0.6599999	-0.5759495	-0.5759495	0	00.6599999	0	00	0	0.01	0.01	1	0.1	
62.06	0.6599999	-0.5759495	-0.5759495	0	00.6599999	0	00	0	0.01	0.01	1	0.1	
62.08	0.6599999	-0.5759495	-0.5759495	0	00.6599999	0	00	0	0.01	0.01	1	0.1	
62.1	0.6599999	-0.5759495	-0.5759495	0	00.6599999	0	00	0	0.01	0.01	1	0.1	
62.12	0.6599999	-0.5759495	-0.5759495	0	00.6599999	0	00	0	0.01	0.01	1	0.1	
62.14	0.6599999	-0.5759495	-0.5759495	0	00.6599999	0	00	0	0.01	0.01	1	0.1	
62.16	0.6599999	-0.5759495	-0.5759495	0	00.6599999	0	00	0	0.01	0.01	1	0.1	
62.18	0.6599999	-0.5759495	-0.5759495	0	00.6599999	0	00	0	0.01	0.01	1	0.1	
62.2	0.6599999	-0.5759495	-0.5759495	0	00.6599999	0	00	0	0.01	0.01	1	0.1	
62.22	0.6599999	-0.5759495	-0.5759495	0	00.6599999	0	00	0	0.01	0.01	1	0.1	
62.24	0.6599999	-0.5759495	-0.5759495	0	00.6599999	0	00	0	0.01	0.01	1	0.1	
62.26	0.6599999	-0.5759495	-0.5759495	0	00.6599999	0	00	0	0.01	0.01	1	0.1	
62.28	0.6599999	-0.5759495	-0.5759495	0	00.6599999	0	00	0	0.01	0.01	1	0.1	
62.3	0.6599999	-0.5759495	-0.5759495	0	00.6599999	0	00	0	0.01	0.01	1	0.1	
62.32	0.6599999	-0.5759495	-0.5759495	0	00.6599999	0	00	0	0.01	0.01	1	0.1	
62.34	0.6599999	-0.5759495	-0.5759495	0	00.6599999	0	00	0	0.01	0.01	1	0.1	
62.36	0.6599999	-0.5559496	-0.5559496	1	00.6599999	0	00	0	0.01	0.01	1	0.1	
62.38	0.6599999	-0.5359496	-0.5359496	1	00.6599999	0	00	0	0.01	0.01	1	0.1	
62.4	0.6599999	-0.5159496	-0.5159496	1	00.6599999	0	00	0	0.01	0.01	1	0.1	
62.42	0.6599999	-0.4959496	-0.4959496	1	00.6599999	0	00	0	0.01	0.01	1	0.1	
62.44	0.6599999	-0.4759496	-0.4759496	1	00.6599999	0	00	0	0.01	0.01	1	0.1	
62.46	0.6599999	-0.4559496	-0.4559496	1	00.6599999	0	00	0	0.01	0.01	1	0.1	
62.48	0.6599999	-0.4359496	-0.4359496	1	00.6599999	0	00	0	0.01	0.01	1	0.1	
62.5	0.6599999	-0.4159496	-0.4159496	1	00.6599999	0	00	0	0.01	0.01	1	0.1	
62.52	0.6599999	-0.3959495	-0.3959495	1	00.6599999	0	00	0	0.01	0.01	1	0.1	
62.54	0.6599999	-0.3759495	-0.3759495	1	00.6599999	0	00	0	0.01	0.01	1	0.1	
62.56	0.6599999	-0.3559495	-0.3559495	1	00.6599999	0	00	0	0.01	0.01	1	0.1	
62.58	0.6599999	-0.3359495	-0.3359495	1	00.6599999	0	00	0	0.01	0.01	1	0.1	
62.6	0.6599999	-0.3159495	-0.3159495	1	00.6599999	0	00	0	0.01	0.01	1	0.1	
62.62	0.6599999	-0.2959495	-0.2959495	1	00.6599999	0	00	0	0.01	0.01	1	0.1	
62.64	0.6599999	-0.2759495	-0.2759495	1	00.6599999	0	00	0	0.01	0.01	1	0.1	
62.66	0.6599999	-0.2559495	-0.2559495	1	00.6599999	0	00	0	0.01	0.01	1	0.1	
62.68	0.6599999	-0.2359495	-0.2359495	1	00.6599999	0	00	0	0.01	0.01	1	0.1	
62.7	0.6599999	-0.2159495	-0.2159495	1	00.6599999	0	00	0	0.01	0.01	1	0.1	
62.72	0.6599999	-0.1959495	-0.1959495	1	00.6599999	0	00	0	0.01	0.01	1	0.1	
62.74	0.6599999	-0.1759495	-0.1759495	1	00.6599999	0	00	0	0.01	0.01	1	0.1	
62.76	0.6599999	-0.1559495	-0.1559495	1	00.6599999	0	00	0	0.01	0.01	1	0.1	
62.78	0.6599999	-0.1359495	-0.1359495	1	00.6599999	0	00	0	0.01	0.01	1	0.1	
62.8	0.6599999	-0.1159495	-0.1159495	1	00.6599999	0	00	0	0.01	0.01	1	0.1	
62.82	0.6599999	-0.0959495	-0.0959495	1	00.6599999	0	00	0	0.01	0.01	1	0.1	
62.84	0.6599999	-0.0759495	-0.0759495	1	00.6599999	0	00	0	0.01	0.01	1	0.1	
62.86	0.6599999	-0.05594951	-0.05594951	1	00.6599999	0	00	0	0.01	0.01	1	0.1	
62.88	0.6599999	-0.03594951	-0.03594951	1	00.6599999	0	00	0	0.01	0.01	1	0.1	
62.9	0.6599999	-0.01594951	-0.01594951	1	00.6599999	0	00	0	0.01	0.01	1	0.1	
62.92	0.6599999	0.004050493	0.004050493	1	00.6599999	0	00	0	0.01	0.01	1	0.1	
62.94	0.6599999	0.02405049	0.02405049	1	00.6599999	0	00	0	0.01	0.01	1	0.1	
62.96	0.6599999	0.04405049	0.04405049	1	00.6599999	0	00	0	0.01	0.01	1	0.1	
62.98	0.6599999	0.0640505	0.0640505	1	00.6599999	0	00	0	0.01	0.01	1	0.1	
63	0.6599999	0.08405049	0.08405049	1	00.6599999	0	00	0	0.01	0.01	1	0.1	
63.02	0.6599999	0.1040505	0.1040505	1	00.6599999	0	00	0	0.01	0.01	1	0.1	
63.04	0.6799999	0.1040505	0.1040505	0	00.6799999	1	00	0	0.01	0.01	1	0.1	
63.06	0.6999999	0.1040505	0.1040505	0	00.6999999	1	00	0	0.01	0.01	1	0.1	
63.08	0.7199998	0.1040505	0.1040505	0	00.7199998	1	00	0	0.01	0.01	1	0.1	
63.1	0.7399998	0.1040505	0.1040505	0	00.7399998	1	00	0	0.01	0.01	1	0.1	
63.12	0.7599998	0.1040505	0.1040505	0	00.7599998	1	00	0	0.01	0.01	1	0.1	
63.14	0.7799998	0.1040505	0.1040505	0	00.7799998	1	00	0	0.01	0.01	1	0.1	
63.16	0.7999998	0.1040505	0.1040505	0	00.7999998	1	00	0	0.01	0.01	1	0.1	
63.18	0.8199998	0.1040505	0.1040505	0	00.8199998	1	00	0	0.01	0.01	1	0.1	
63.2	0.8399997	0.1040505	0.1040505	0	00.8399997	1	00	0	0.01	0.01	1	0.1	
63.22	0.8599997	0.1040505	0.1040505	0	00.8599997	1	00	0	0.01	0.01	1	0.1	
63.24	0.8799997	0.1040505	0.1040505	0	00.8799997	1	00	0	0.01	0.01	1	0.1	
63.26	0.8999997	0.1040505	0.1040505	0	00.8999997	1	00	0	0.01	0.01	1	0.1	
63.28	0.9199997	0.1040505	0.1040505	0	00.9199997	1	00	0	0.01	0.01	1	0.1	
63.3	0.9399996	0.1040505	0.1040505	0	00.9399996	1	00	0	0.01	0.01	1	0.1	
63.32	0.9599996	0.1040505	0.1040505	0	00.9599996	1	00	0	0.01	0.01	1	0.1	
63.34	0.9799996	0.1040505	0.1040505	0	00.9799996	1	00	0	0.01	0.01	1	0.1	
63.36	0.9999996	0.1040505	0.1040505	0	00.9999996	1	00	0	0.01	0.01	1	0.1	
63.38	1.02	0.1040505	0.1040505	0	01.02	1	00	0	0.01	0.01	1	0.1	
63.4	1.04	0.1040505	0.1040505	0	01.04	1	00	0	0.01	0.01	1	0.1	
63.42	1.06	0.1040505	0.1040505	0	01.06	1	00	0	0.01	0.01	1	0.1	
63.44	1.08	0.1040505	0.1040505	0	01.08	1	00	0	0.01	0.01	1	0.1	
63.46	1.1	0.1040505	0.1040505	0	01.1	1	00	0	0.01	0.01	1	0.1	
63.48	1.12	0.1040505	0.1040505	0	01.12	1	00	0	0.01	0.01	1	0.1	
63.5	1.14	0.1040505	0.1040505	0	01.14	1	00	0	0.01	0.01	1	0.1	
63.52	1.159999	0.1040505	0.1040505	0	01.159999	1	00	0	0.01	0.01	1	0.1	
63.54	1.179999	0.1040505	0.1040505	0	01.179999	1	00	0	0.01	0.01	1	0.1	
63.56	1.199999	0.1040505	0.1040505	0	01.199999	1	00	0	0.01	0.01	1	0.1	
63.58	1.219999	0.1040505	0.1040505	0	01.219999	1	00	0	0.01	0.01	1	0.1	
63.6	1.239999	0.1040505	0.1040505	0	01.239999	1	00	0	0.01	0.01	1	0.1	
63.62	1.259999	0.1040505	0.1040505	0	01.259999	1	00	0	0.01	0.01	1	0.1	
63.64	1.279999	0.1040505	0.1040505	0	01.279999	1	00	0	0.01	0.01	1	0.1	
63.66	1.299999	0.1040505	0.1040505	0	01.299999	1	00	0	0.01	0.01	1	0.1	
63.68	1.319999	0.1040505	0.1040505	0	01.319999	1	00	0	0.01	0.01	1	0.1	
63.7	1.319999	0.1040505	0.1040505	0	01.319999	0	00	0	0.01	0.01	1	0.1	
63.72	1.319999	0.1040505	0.1040505	0	01.319999	0	00	0	0.01	0.01	1	0.1	
63.74	1.319999	0.1040505	0.1040505	0	01.319999	0	00	0	0.01	0.01	1	0.1	
63.76	1.319999	0.1040505	0.1040505	0	01.319999	0	00	0	0.01	0.01	1	0.1	
63.78	1.319999	0.1040505	0.1040505	0	01.319999	0	00	0	0.01	0.01	1	0.1	
63.8	1.319999	0.1040505	0.1040505	0	01.319999	0	00	0	0.01	0.01	1	0.1	
63.82	1.319999	0.1040505	0.1040505	0	01.319999	0	00	0	0.01	0.01	1	0.1	
63.84	1.319999	0.1040505	0.1040505	0	01.319999	0	00	0	0.01	0.01	1	0.1	
63.86	1.319999	0.1040505	0.1040505	0	01.319999	0	00	0	0.01	0.01	1	0.1	
63.88	1.319999	0.1040505	0.1040505	0	01.319999	0	00	0	0.01	0.01	1	0.1	
63.9	1.319999	0.1040505	0.1040505	0	01.319999	0	00	0	0.01	0.01	1	0.1	
63.92	1.319999	0.1040505	0.1040505	0	01.319999	0	00	0	0.01	0.01	1	0.1	
63.94	1.319999	0.1040505	0.1040505	0	01.319999	0	00	0	0.01	0.01	1	0.1	
63.96	1.319999	0.1040505	0.1040505	0	01.319999	0	00	0	0.01	0.01	1	0.1	
63.98	1.319999	0.1040505	0.1040505	0	01.319999	0	00	0	0.01	0.01	1	0.1	
64	1.319999	0.1040505	0.1040505	0	01.319999	0	00	0	0.01	0.01	1	0.1	
64.02	1.319999	0.1040505	0.1040505	0	01.319999	0	00	0	0.01	0.01	1	0.1	
64.04	1.299999	0.1040505	0.1040505	0	01.299999	-1	00	0	0.01	0.01	1	0.1	
64.06	1.279999	0.1040505	0.1040505	0	01.279999	-1	00	0	0.01	0.01	1	0.1	
64.08	1.259999	0.1040505	0.1040505	0	01.259999	-1	00	0	0.01	0.01	1	0.1	
64.1	1.239999	0.1040505	0.1040505	0	01.239999	-1	00	0	0.01	0.01	1	0.1	
64.12	1.219999	0.1040505	0.1040505	0	01.219999	-1	00	0	0.01	0.01	1	0.1	
64.14	1.199999	0.1040505	0.1040505	0	01.199999	-1	00	0	0.01	0.01	1	0.1	
64.16	1.179999	0.1040505	0.1040505	0	01.179999	-1	00	0	0.01	0.01	1	0.1	
64.18	1.159999	0.1040505	0.1040505	0	01.159999	-1	00	0	0.01	0.01	1	0.1	
64.2	1.14	0.1040505	0.1040505	0	01.14	-1	00	0	0.01	0.01	1	0.1	
64.22	1.12	0.1040505	0.1040505	0	01.12	-1	00	0	0.01	0.01	1	0.1	
64.24	1.1	0.1040505	0.1040505	0	01.1	-1	00	0	0.01	0.01	1	0.1	
64.26	1.08	0.1040505	0.1040505	0	01.08	-1	00	0	0.01	0.01	1	0.1	
64.28	1.06	0.1040505	0.1040505	0	01.06	-1	00	0	0.01	0.01	1	0.1	
64.3	1.04	0.1040505	0.1040505	0	01.04	-1	00	0	0.01	0.01	1	0.1	
64.32	1.02	0.1040505	0.1040505	0	01.02	-1	00	0	0.01	0.01	1	0.1	
64.34	0.9999996	0.1040505	0.1040505	0	00.9999996	-1	00	0	0.01	0.01	1	0.1	
64.36	0.9799997	0.1040505	0.1040505	0	00.9799997	-1	00	0	0.01	0.01	1	0.1	
64.38	0.9599997	0.1040505	0.1040505	0	00.9599997	-1	00	0	0.01	0.01	1	0.1	
64.4	0.9399997	0.1040505	0.1040505	0	00.9399997	-1	00	0	0.01	0.01	1	0.1	
64.42	0.9199997	0.1040505	0.1040505	0	00.9199997	-1	00	0	0.01	0.01	1	0.1	
64.43999	0.8999997	0.1040505	0.1040505	0	00.8999997	-1	00	0	0.01	0.01	1	0.1	
64.46	0.8799998	0.1040505	0.1040505	0	00.8799998	-1	00	0	0.01	0.01	1	0.1	
64.48	0.8599998	0.1040505	0.1040505	0	00.8599998	-1	00	0	0.01	0.01	1	0.1	
64.5	0.8399998	0.1040505	0.1040505	0	00.8399998	-1	00	0	0.01	0.01	1	0.1	
64.52	0.8199998	0.1040505	0.1040505	0	00.8199998	-1	00	0	0.01	0.01	1	0.1	
64.54	0.7999998	0.1040505	0.1040505	0	00.7999998	-1	00	0	0.01	0.01	1	0.1	
64.56	0.7799999	0.1040505	0.1040505	0	00.7799999	-1	00	0	0.01	0.01	1	0.1	
64.58	0.7599999	0.1040505	0.1040505	0	00.7599999	-1	00	0	0.01	0.01	1	0.1	
64.6	0.7399999	0.1040505	0.1040505	0	00.7399999	-1	00	0	0.01	0.01	1	0.1	
64.62	0.7199999	0.1040505	0.1040505	0	00.7199999	-1	00	0	0.01	0.01	1	0.1	
64.64	0.6999999	0.1040505	0.1040505	0	00.6999999	-1	00	0	0.01	0.01	1	0.1	
64.66	0.6799999	0.1040505	0.1040505	0	00.6799999	-1	00	0	0.01	0.01	1	0.1	
64.68	0.66	0.1040505	0.1040505	0	00.66	-1	00	0	0.01	0.01	1	0.1	
64.7	0.66	0.1040505	0.1040505	0	00.66	0	00	0	0.01	0.01	1	0.1	
64.72	0.66	0.1040505	0.1040505	0	00.66	0	00	0	0.01	0.01	1	0.1	
64.74	0.66	0.1040505	0.1040505	0	00.66	0	00	0	0.01	0.01	1	0.1	
64.76	0.66	0.1040505	0.1040505	0	00.66	0	00	0	0.01	0.01	1	0.1	
64.78	0.66	0.1040505	0.1040505	0	00.66	0	00	0	0.01	0.01	1	0.1	
64.8	0.66	0.1040505	0.1040505	0	00.66	0	00	0	0.01	0.01	1	0.1	
64.82	0.66	0.1040505	0.1040505	0	00.66	0	00	0	0.01	0.01	1	0.1	
64.84	0.66	0.1040505	0.1040505	0	00.66	0	00	0	0.01	0.01	1	0.1	
64.86	0.66	0.1040505	0.1040505	0	00.66	0	00	0	0.01	0.01	1	0.1	
64.88	0.66	0.1040505	0.1040505	0	00.66	0	00	0	0.01	0.01	1	0.1	
64.9	0.66	0.1040505	0.1040505	0	00.66	0	00	0	0.01	0.01	1	0.1	
64.92	0.66	0.1040505	0.1040505	0	00.66	0	00	0	0.01	0.01	1	0.1	
64.93999	0.66	0.1040505	0.1040505	0	00.66	0	00	0	0.01	0.01	1	0.1	
64.96	0.66	0.1040505	0.1040505	0	00.66	0	00	0	0.01	0.01	1	0.1	
64.98	0.66	0.1040505	0.1040505	0	00.66	0	00	0	0.01	0.01	1	0.1	
65	0.66	0.1040505	0.1040505	0	00.66	0	00	0	0.01	0.01	1	0.1	
65.02	0.66	0.1040505	0.1040505	0	00.66	0	00	0	0.01	0.01	1	0.1	
65.04	0.64	0.1040505	0.1040505	0	00.64	-1	00	0	0.01	0.01	1	0.1	
65.06	0.62	0.1040505	0.1040505	0	00.62	-1	00	0	0.01	0.01	1	0.1	
65.08	0.6	0.1040505	0.1040505	0	00.6	-1	00	0	0.01	0.01	1	0.1	
65.1	0.58	0.1040505	0.1040505	0	00.58	-1	00	0	0.01	0.01	1	0.1	
65.12	0.5600001	0.1040505	0.1040505	0	00.5600001	-1	00	0	0.01	0.01	1	0.1	
65.14	0.5400001	0.1040505	0.1040505	0	00.5400001	-1	00	0	0.01	0.01	1	0.1	
65.16	0.5200001	0.1040505	0.1040505	0	00.5200001	-1	00	0	0.01	0.01	1	0.1	
65.18	0.5000001	0.1040505	0.1040505	0	00.5000001	-1	00	0	0.01	0.01	1	0.1	
65.2	0.4800001	0.1040505	0.1040505	0	00.4800001	-1	00	0	0.01	0.01	1	0.1	
65.22	0.4600001	0.1040505	0.1040505	0	00.4600001	-1	00	0	0.01	0.01	1	0.1	
65.24	0.4400001	0.1040505	0.1040505	0	00.4400001	-1	00	0	0.01	0.01	1	0.1	
65.26	0.4200001	0.1040505	0.1040505	0	00.4200001	-1	00	0	0.01	0.01	1	0.1	
65.28	0.4000001	0.1040505	0.1040505	0	00.4000001	-1	00	0	0.01	0.01	1	0.1	
65.3	0.3800001	0.1040505	0.1040505	0	00.3800001	-1	00	0	0.01	0.01	1	0.1	
65.32	0.36	0.1040505	0.1040505	0	00.36	-1	00	0	0.01	0.01	1	0.1	
65.34	0.34	0.1040505	0.1040505	0	00.34	-1	00	0	0.01	0.01	1	0.1	
65.36	0.34	0.1040505	0.1040505	0	00.34	0	00	0	0.01	0.01	1	0.1	
65.38	0.34	0.1040505	0.1040505	0	00.34	0	00	0	0.01	0.01	1	0.1	
65.4	0.34	0.1040505	0.1040505	0	00.34	0	00	0	0.01	0.01	1	0.1	
65.42	0.34	0.1040505	0.1040505	0	00.34	0	00	0	0.01	0.01	1	0.1	
65.43999	0.34	0.1040505	0.1040505	0	00.34	0	00	0	0.01	0.01	1	0.1	
65.46	0.34	0.1040505	0.1040505	0	00.34	0	00	0	0.01	0.01	1	0.1	
65.48	0.34	0.1040505	0.1040505	0	00.34	0	00	0	0.01	0.01	1	0.1	
65.5	0.34	0.1040505	0.1040505	0	00.34	0	00	0	0.01	0.01	1	0.1	
65.52	0.34	0.1040505	0.1040505	0	00.34	0	00	0	0.01	0.01	1	0.1	
65.54	0.34	0.1040505	0.1040505	0	00.34	0	00	0	0.01	0.01	1	0.1	
65.56	0.34	0.1040505	0.1040505	0	00.34	0	00	0	0.01	0.01	1	0.1	
65.58	0.34	0.1040505	0.1040505	0	00.34	0	00	0	0.01	0.01	1	0.1	
65.6	0.34	0.1040505	0.1040505	0	00.34	0	00	0	0.01	0.01	1	0.1	
65.62	0.34	0.1040505	0.1040505	0	00.34	0	00	0	0.01	0.01	1	0.1	
65.64	0.34	0.1040505	0.1040505	0	00.34	0	00	0	0.01	0.01	1	0.1	
65.66	0.34	0.1040505	0.1040505	0	00.34	0	00	0	0.01	0.01	1	0.1	
65.68	0.34	0.1040505	0.1040505	0	00.34	0	00	0	0.01	0.01	1	0.1	
65.7	0.32	0.1040505	0.1040505	0	00.32	-1	00	0	0.01	0.01	1	0.1	
65.72	0.3	0.1040505	0.1040505	0	00.3	-1	00	0	0.01	0.01	1	0.1	
65.74	0.28	0.1040505	0.1040505	0	00.28	-1	00	0	0.01	0.01	1	0.1	
65.76	0.26	0.1040505	0.1040505	0	00.26	-1	00	0	0.01	0.01	1	0.1	
65.78	0.24	0.1040505	0.1040505	0	00.24	-1	00	0	0.01	0.01	1	0.1	
65.8	0.22	0.1040505	0.1040505	0	00.22	-1	00	0	0.01	0.01	1	0.1	
65.82	0.2	0.1040505	0.1040505	0	00.2	-1	00	0	0.01	0.01	1	0.1	
65.84	0.18	0.1040505	0.1040505	0	00.18	-1	00	0	0.01	0.01	1	0.1	
65.86	0.16	0.1040505	0.1040505	0	00.16	-1	00	0	0.01	0.01	1	0.1	
65.88	0.14	0.1040505	0.1040505	0	00.14	-1	00	0	0.01	0.01	1	0.1	
65.9	0.12	0.1040505	0.1040505	0	00.12	-1	00	0	0.01	0.01	1	0.1	
65.92	0.1	0.1040505	0.1040505	0	00.1	-1	00	0	0.01	0.01	1	0.1	
65.93999	0.08000003	0.1040505	0.1040505	0	00.08000003	-1	00	0	0.01	0.01	1	0.1	
65.96	0.06000003	0.1040505	0.1040505	0	00.06000003	-1	00	0	0.01	0.01	1	0.1	
65.98	0.04000003	0.1040505	0.1040505	0	00.04000003	-1	00	0	0.01	0.01	1	0.1	
66	0.02000003	0.1040505	0.1040505	0	00.02000003	-1	00	0	0.01	0.01	1	0.1	
66.02	2.980232E-08	0.1040505	0.1040505	0	02.980232E-08	-1	00	0	0.01	0.01	1	0.1	
66.04	-0.01999997	0.1040505	0.1040505	0	0-0.01999997	-1	00	0	0.01	0.01	1	0.1	
66.06	-0.03999997	0.1040505	0.1040505	0	0-0.03999997	-1	00	0	0.01	0.01	1	0.1	
66.08	-0.05999997	0.1040505	0.1040505	0	0-0.05999997	-1	00	0	0.01	0.01	1	0.1	
66.1	-0.07999997	0.1040505	0.1040505	0	0-0.07999997	-1	00	0	0.01	0.01	1	0.1	
66.12	-0.09999996	0.1040505	0.1040505	0	0-0.09999996	-1	00	0	0.01	0.01	1	0.1	
66.14	-0.12	0.1040505	0.1040505	0	0-0.12	-1	00	0	0.01	0.01	1	0.1	
66.16	-0.14	0.1040505	0.1040505	0	0-0.14	-1	00	0	0.01	0.01	1	0.1	
66.18	-0.16	0.1040505	0.1040505	0	0-0.16	-1	00	0	0.01	0.01	1	0.1	
66.2	-0.1799999	0.1040505	0.1040505	0	0-0.1799999	-1	00	0	0.01	0.01	1	0.1	
66.22	-0.1999999	0.1040505	0.1040505	0	0-0.1999999	-1	00	0	0.01	0.01	1	0.1	
66.24	-0.2199999	0.1040505	0.1040505	0	0-0.2199999	-1	00	0	0.01	0.01	1	0.1	
66.26	-0.2399999	0.1040505	0.1040505	0	0-0.2399999	-1	00	0	0.01	0.01	1	0.1	
66.28	-0.2599999	0.1040505	0.1040505	0	0-0.2599999	-1	00	0	0.01	0.01	1	0.1	
66.3	-0.2799999	0.1040505	0.1040505	0	0-0.2799999	-1	00	0	0.01	0.01	1	0.1	
66.32	-0.3	0.1040505	0.1040505	0	0-0.3	-1	00	0	0.01	0.01	1	0.1	
66.34	-0.32	0.1040505	0.1040505	0	0-0.32	-1	00	0	0.01	0.01	1	0.1	
66.36	-0.32	0.1040505	0.1040505	0	0-0.32	0	00	0	0.01	0.01	1	0.1	
66.38	-0.32	0.1040505	0.1040505	0	0-0.32	0	00	0	0.01	0.01	1	0.1	
66.4	-0.32	0.1040505	0.1040505	0	0-0.32	0	00	0	0.01	0.01	1	0.1	
66.42	-0.32	0.1040505	0.1040505	0	0-0.32	0	00	0	0.01	0.01	1	0.1	
66.43999	-0.32	0.1040505	0.1040505	0	0-0.32	0	00	0	0.01	0.01	1	0.1	
66.46	-0.32	0.1040505	0.1040505	0	0-0.32	0	00	0	0.01	0.01	1	0.1	
66.48	-0.32	0.1040505	0.1040505	0	0-0.32	0	00	0	0.01	0.01	1	0.1	
66.5	-0.32	0.1040505	0.1040505	0	0-0.32	0	00	0	0.01	0.01	1	0.1	
66.52	-0.32	0.1040505	0.1040505	0	0-0.32	0	00	0	0.01	0.01	1	0.1	
66.54	-0.32	0.1040505	0.1040505	0	0-0.32	0	00	0	0.01	0.01	1	0.1	
66.56	-0.32	0.1040505	0.1040505	0	0-0.32	0	00	0	0.01	0.01	1	0.1	
66.58	-0.32	0.1040505	0.1040505	0	0-0.32	0	00	0	0.01	0.01	1	0.1	
66.6	-0.32	0.1040505	0.1040505	0	0-0.32	0	00	0	0.01	0.01	1	0.1	
66.62	-0.32	0.1040505	0.1040505	0	0-0.32	0	00	0	0.01	0.01	1	0.1	
66.64	-0.32	0.1040505	0.1040505	0	0-0.32	0	00	0	0.01	0.01	1	0.1	
66.66	-0.32	0.1040505	0.1040505	0	0-0.32	0	00	0	0.01	0.01	1	0.1	
66.68	-0.32	0.1040505	0.1040505	0	0-0.32	0	00	0	0.01	0.01	1	0.1	
66.7	-0.32	0.1040505	0.1040505	0	0-0.32	0	00	0	0.01	0.01	1	0.1	
66.72	-0.32	0.1040505	0.1040505	0	0-0.32	0	00	0	0.01	0.01	1	0.1	
66.74	-0.32	0.1040505	0.1040505	0	0-0.32	0	00	0	0.01	0.01	1	0.1	
66.76	-0.32	0.1040505	0.1040505	0	0-0.32	0	00	0	0.01	0.01	1	0.1	
66.78	-0.32	0.1040505	0.1040505	0	0-0.32	0	00	0	0.01	0.01	1	0.1	
66.8	-0.32	0.1040505	0.1040505	0	0-0.32	0	00	0	0.01	0.01	1	0.1	
66.82	-0.32	0.1040505	0.1040505	0	0-0.32	0	00	0	0.01	0.01	1	0.1	
66.84	-0.32	0.1040505	0.1040505	0	0-0.32	0	00	0	0.01	0.01	1	0.1	
66.86	-0.32	0.1040505	0.1040505	0	0-0.32	0	00	0	0.01	0.01	1	0.1	
66.88	-0.32	0.1040505	0.1040505	0	0-0.32	0	00	0	0.01	0.01	1	0.1	
66.9	-0.32	0.1040505	0.1040505	0	0-0.32	0	00	0	0.01	0.01	1	0.1	
66.92	-0.32	0.1040505	0.1040505	0	0-0.32	0	00	0	0.01	0.01	1	0.1	
66.93999	-0.32	0.1040505	0.1040505	0	0-0.32	0	00	0	0.01	0.01	1	0.1	
66.96	-0.32	0.1040505	0.1040505	0	0-0.32	0	00	0	0.01	0.01	1	0.1	
66.98	-0.32	0.1040505	0.1040505	0	0-0.32	0	00	0	0.01	0.01	1	0.1	
67	-0.32	0.1040505	0.1040505	0	0-0.32	0	00	0	0.01	0.01	1	0.1	
67.02	-0.32	0.1040505	0.1040505	0	0-0.32	0	00	0	0.01	0.01	1	0.1	
67.04	-0.32	0.1040505	0.1040505	0	0-0.32	0	00	0	0.01	0.01	1	0.1	
67.06	-0.32	0.1040505	0.1040505	0	0-0.32	0	00	0	0.01	0.01	1	0.1	
67.08	-0.32	0.1040505	0.1040505	0	0-0.32	0	00	0	0.01	0.01	1	0.1	
67.1	-0.32	0.1040505	0.1040505	0	0-0.32	0	00	0	0.01	0.01	1	0.1	
67.12	-0.32	0.1040505	0.1040505	0	0-0.32	0	00	0	0.01	0.01	1	0.1	
67.14	-0.32	0.1040505	0.1040505	0	0-0.32	0	00	0	0.01	0.01	1	0.1	
67.16	-0.32	0.1040505	0.1040505	0	0-0.32	0	00	0	0.01	0.01	1	0.1	
67.18	-0.32	0.1040505	0.1040505	0	0-0.32	0	00	0	0.01	0.01	1	0.1	
67.2	-0.32	0.1040505	0.1040505	0	0-0.32	0	00	0	0.01	0.01	1	0.1	
67.22	-0.32	0.1040505	0.1040505	0	0-0.32	0	00	0	0.01	0.01	1	0.1	
67.24	-0.32	0.1040505	0.1040505	0	0-0.32	0	00	0	0.01	0.01	1	0.1	
67.26	-0.32	0.1040505	0.1040505	0	0-0.32	0	00	0	0.01	0.01	1	0.1	
67.28	-0.32	0.1040505	0.1040505	0	0-0.32	0	00	0	0.01	0.01	1	0.1	
67.3	-0.32	0.1040505	0.1040505	0	0-0.32	0	00	0	0.01	0.01	1	0.1	
67.32	-0.32	0.1040505	0.1040505	0	0-0.32	0	00	0	0.01	0.01	1	0.1	
67.34	-0.32	0.1040505	0.1040505	0	0-0.32	0	00	0	0.01	0.01	1	0.1	
67.36	-0.32	0.1040505	0.1040505	0	0-0.32	0	00	0	0.01	0.01	1	0.1	
67.38	-0.32	0.1040505	0.1040505	0	0-0.32	0	00	0	0.01	0.01	1	0.1	
67.4	-0.32	0.1040505	0.1040505	0	0-0.32	0	00	0	0.01	0.01	1	0.1	
67.42	-0.32	0.1040505	0.1040505	0	0-0.32	0	00	0	0.01	0.01	1	0.1	
67.43999	-0.32	0.1040505	0.1040505	0	0-0.32	0	00	0	0.01	0.01	1	0.1	
67.46	-0.32	0.1040505	0.1040505	0	0-0.32	0	00	0	0.01	0.01	1	0.1	
67.48	-0.32	0.1040505	0.1040505	0	0-0.32	0	00	0	0.01	0.01	1	0.1	
67.5	-0.32	0.1040505	0.1040505	0	0-0.32	0	00	0	0.01	0.01	1	0.1	
67.52	-0.32	0.1040505	0.1040505	0	0-0.32	0	00	0	0.01	0.01	1	0.1	
67.54	-0.32	0.1040505	0.1040505	0	0-0.32	0	00	0	0.01	0.01	1	0.1	
67.56	-0.32	0.1040505	0.1040505	0	0-0.32	0	00	0	0.01	0.01	1	0.1	
67.58	-0.32	0.1040505	0.1040505	0	0-0.32	0	00	0	0.01	0.01	1	0.1	
67.6	-0.32	0.1040505	0.1040505	0	0-0.32	0	00	0	0.01	0.01	1	0.1	
67.62	-0.32	0.1040505	0.1040505	0	0-0.32	0	00	0	0.01	0.01	1	0.1	
67.64	-0.32	0.1040505	0.1040505	0	0-0.32	0	00	0	0.01	0.01	1	0.1	
67.66	-0.32	0.1040505	0.1040505	0	0-0.32	0	00	0	0.01	0.01	1	0.1	
67.68	-0.32	0.1040505	0.1040505	0	0-0.32	0	00	0	0.01	0.01	1	0.1	
67.7	-0.32	0.1040505	0.1040505	0	0-0.32	0	00	0	0.01	0.01	1	0.1	
67.72	-0.32	0.1040505	0.1040505	0	0-0.32	0	00	0	0.01	0.01	1	0.1	
67.74	-0.32	0.1040505	0.1040505	0	0-0.32	0	00	0	0.01	0.01	1	0.1	
67.76	-0.32	0.1040505	0.1040505	0	0-0.32	0	00	0	0.01	0.01	1	0.1	
67.78	-0.32	0.1040505	0.1040505	0	0-0.32	0	00	0	0.01	0.01	1	0.1	
67.8	-0.32	0.1040505	0.1040505	0	0-0.32	0	00	0	0.01	0.01	1	0.1	
67.82	-0.32	0.1040505	0.1040505	0	0-0.32	0	00	0	0.01	0.01	1	0.1	
67.84	-0.32	0.1040505	0.1040505	0	0-0.32	0	00	0	0.01	0.01	1	0.1	
67.86	-0.32	0.1040505	0.1040505	0	0-0.32	0	00	0	0.01	0.01	1	0.1	
67.88	-0.32	0.1040505	0.1040505	0	0-0.32	0	00	0	0.01	0.01	1	0.1	
67.9	-0.32	0.1040505	0.1040505	0	0-0.32	0	00	0	0.01	0.01	1	0.1	
67.92	-0.32	0.1040505	0.1040505	0	0-0.32	0	00	0	0.01	0.01	1	0.1	
67.93999	-0.32	0.1040505	0.1040505	0	0-0.32	0	00	0	0.01	0.01	1	0.1	
67.96	-0.32	0.1040505	0.1040505	0	0-0.32	0	00	0	0.01	0.01	1	0.1	
67.98	-0.32	0.1040505	0.1040505	0	0-0.32	0	00	0	0.01	0.01	1	0.1	
68	-0.32	0.1040505	0.1040505	0	0-0.32	0	00	0	0.01	0.01	1	0.1	
68.02	-0.32	0.1040505	0.1040505	0	0-0.32	0	00	0	0.01	0.01	1	0.1	
68.04	-0.32	0.1040505	0.1040505	0	0-0.32	0	00	0	0.01	0.01	1	0.1	
68.06	-0.32	0.1040505	0.1040505	0	0-0.32	0	00	0	0.01	0.01	1	0.1	
68.08	-0.32	0.1040505	0.1040505	0	0-0.32	0	00	0	0.01	0.01	1	0.1	
68.1	-0.32	0.1040505	0.1040505	0	0-0.32	0	00	0	0.01	0.01	1	0.1	
68.12	-0.32	0.1040505	0.1040505	0	0-0.32	0	00	0	0.01	0.01	1	0.1	
68.14	-0.32	0.1040505	0.1040505	0	0-0.32	0	00	0	0.01	0.01	1	0.1	
68.16	-0.32	0.1040505	0.1040505	0	0-0.32	0	00	0	0.01	0.01	1	0.1	
68.18	-0.32	0.1040505	0.1040505	0	0-0.32	0	00	0	0.01	0.01	1	0.1	
68.2	-0.32	0.1040505	0.1040505	0	0-0.32	0	00	0	0.01	0.01	1	0.1	
68.22	-0.32	0.1040505	0.1040505	0	0-0.32	0	00	0	0.01	0.01	1	0.1	
68.24	-0.32	0.1040505	0.1040505	0	0-0.32	0	00	0	0.01	0.01	1	0.1	
68.26	-0.32	0.1040505	0.1040505	0	0-0.32	0	00	0	0.01	0.01	1	0.1	
68.28	-0.32	0.1040505	0.1040505	0	0-0.32	0	00	0	0.01	0.01	1	0.1	
68.3	-0.32	0.1040505	0.1040505	0	0-0.32	0	00	0	0.01	0.01	1	0.1	
68.32	-0.32	0.1040505	0.1040505	0	0-0.32	0	00	0	0.01	0.01	1	0.1	
