Horizoltal	Vertical	H_Elipse	V_Elipse
0	0	0	0
0	0	0	0
-0.003447355	0.001402946	-0.04135441	0.01682973
-0.003447355	0.001402946	-0.04135441	0.01682973
0	0	0	0
0	0	0	0
-0.003447355	0.001402946	-0.04135441	0.01682973
-0.003447355	0.001402946	-0.04135441	0.01682973
-0.003447355	0.001402946	-0.04135441	0.01682973
-0.003447355	0.001402946	-0.04135441	0.01682973
-0.003447355	0.001402946	-0.04135441	0.01682973
-0.003447355	0.001402946	-0.04135441	0.01682973
-0.003447355	0.001402946	-0.04135441	0.01682973
-0.003447355	0.001402946	-0.04135441	0.01682973
-0.003447355	0.001402946	-0.04135441	0.01682973
-0.003447355	0.001402946	-0.04135441	0.01682973
-0.003421039	0.001384131	-0.04100486	0.0165903
-0.003421039	0.001384131	-0.04100486	0.0165903
-0.003421039	0.001384131	-0.04100486	0.0165903
-0.003421039	0.001384131	-0.04100486	0.0165903
-0.003421039	0.001384131	-0.04100486	0.0165903
-0.003421039	0.001384131	-0.04100486	0.0165903
-0.003447355	0.001402946	-0.04135441	0.01682973
-0.003447355	0.001402946	-0.04135441	0.01682973
-0.003447355	0.001402946	-0.04135441	0.01682973
-0.003447355	0.001402946	-0.04135441	0.01682973
-0.003394724	0.001402946	-0.04081335	0.01686704
-0.003394724	0.001402946	-0.04081335	0.01686704
-0.003368408	0.001421762	-0.04062412	0.01714692
-0.003368408	0.001421762	-0.04062412	0.01714692
-0.003368408	0.001421762	-0.04062412	0.01714692
-0.003368408	0.001421762	-0.04062412	0.01714692
-0.003368408	0.001421762	-0.04062412	0.01714692
-0.003368408	0.001421762	-0.04062412	0.01714692
-0.003394724	0.001440577	-0.04097487	0.01738799
-0.003394724	0.001440577	-0.04097487	0.01738799
-0.003394724	0.001440577	-0.04097487	0.01738799
-0.003394724	0.001440577	-0.04097487	0.01738799
-0.00347367	0.001421762	-0.04170412	0.01706935
-0.00347367	0.001421762	-0.04170412	0.01706935
-0.003552617	0.001402946	-0.04244	0.01675978
-0.003552617	0.001402946	-0.04244	0.01675978
-0.003842086	0.001233606	-0.04483634	0.01439592
-0.003842086	0.001233606	-0.04483634	0.01439592
-0.004526285	0.000781988	-0.0510371	0.008817472
-0.004526285	0.000781988	-0.0510371	0.008817472
-0.004631546	0.0007443504	-0.05212198	0.008376688
-0.004631546	0.0007443504	-0.05212198	0.008376688
-0.004736807	0.000669074	-0.05315363	0.007507946
-0.004736807	0.000669074	-0.05315363	0.007507946
-0.004763122	0.0006502547	-0.05341448	0.007292071
-0.004763122	0.0006502547	-0.05341448	0.007292071
-0.004736807	0.0006314352	-0.05309676	0.007078012
-0.004736807	0.0006314352	-0.05309676	0.007078012
-0.004815752	0.0006126156	-0.05393957	0.006861701
-0.004815752	0.0006126156	-0.05393957	0.006861701
-0.004921013	0.0005749761	-0.05504989	0.006432083
-0.004921013	0.0005749761	-0.05504989	0.006432083
-0.005236794	0.0004620552	-0.05841266	0.005153889
-0.005236794	0.0004620552	-0.05841266	0.005153889
-0.00552626	0.0003303093	-0.06151247	0.003676659
-0.00552626	0.0003303093	-0.06151247	0.003676659
-0.008526109	-0.001816001	-0.09685958	-0.0206304
-0.008526109	-0.001816001	-0.09685958	-0.0206304
-0.01105218	-0.003699873	-0.1295004	-0.04335209
-0.01105218	-0.003699873	-0.1295004	-0.04335209
-0.01176262	-0.004020238	-0.1381185	-0.04720629
-0.01176262	-0.004020238	-0.1381185	-0.04720629
-0.01389384	-0.002607097	-0.1570703	-0.02947333
-0.01389384	-0.002607097	-0.1570703	-0.02947333
-0.01460422	-0.002324541	-0.1643118	-0.02615336
-0.01460422	-0.002324541	-0.1643118	-0.02615336
-0.01628803	-0.00168417	-0.181943	-0.01881275
-0.01628803	-0.00168417	-0.181943	-0.01881275
-0.02047082	0.001384131	-0.227973	0.01541432
-0.02047082	0.001384131	-0.227973	0.01541432
-0.02070757	0.001591093	-0.2307623	0.01773091
-0.02070757	0.001591093	-0.2307623	0.01773091
-0.02068126	0.001609907	-0.230487	0.01794199
-0.02068126	0.001609907	-0.230487	0.01794199
-0.02049713	0.001703976	-0.2285315	0.01899837
-0.02049713	0.001703976	-0.2285315	0.01899837
-0.02039191	0.001741602	-0.2274016	0.01942158
-0.02039191	0.001741602	-0.2274016	0.01942158
-0.0203393	0.001779229	-0.2268553	0.01984468
-0.0203393	0.001779229	-0.2268553	0.01984468
-0.02031299	0.001798042	-0.2265824	0.02005637
-0.02031299	0.001798042	-0.2265824	0.02005637
-0.02031299	0.001798042	-0.2265824	0.02005637
-0.02031299	0.001798042	-0.2265824	0.02005637
-0.02031299	0.001798042	-0.2265824	0.02005637
-0.02031299	0.001798042	-0.2265824	0.02005637
-0.02028669	0.001816855	-0.2263099	0.02026805
-0.02028669	0.001816855	-0.2263099	0.02026805
-0.02020778	0.001835668	-0.2254553	0.0204803
-0.02020778	0.001835668	-0.2254553	0.0204803
-0.02015517	0.001873293	-0.2249115	0.02090407
-0.02015517	0.001873293	-0.2249115	0.02090407
-0.02007625	0.00192973	-0.2240975	0.02154025
-0.02007625	0.00192973	-0.2240975	0.02154025
-0.02002364	0.001967354	-0.2235562	0.02196475
-0.02002364	0.001967354	-0.2235562	0.02196475
-0.02002364	0.001967354	-0.2235562	0.02196475
-0.02002364	0.001967354	-0.2235562	0.02196475
-0.01999733	0.001986166	-0.2232859	0.02217708
-0.01999733	0.001986166	-0.2232859	0.02217708
-0.01989211	0.00202379	-0.2221644	0.0226026
-0.01989211	0.00202379	-0.2221644	0.0226026
-0.01976059	0.002080224	-0.2207753	0.02324131
-0.01976059	0.002080224	-0.2207753	0.02324131
-0.01968167	0.002136658	-0.2199701	0.02388012
-0.01968167	0.002136658	-0.2199701	0.02388012
-0.01957645	0.002211901	-0.2189001	0.02473309
-0.01957645	0.002211901	-0.2189001	0.02473309
-0.01955014	0.002230712	-0.2186333	0.02494649
-0.01955014	0.002230712	-0.2186333	0.02494649
-0.01955014	0.002230712	-0.2186333	0.02494649
-0.01955014	0.002230712	-0.2186333	0.02494649
-0.01952383	0.002249522	-0.2183667	0.02516003
-0.01952383	0.002249522	-0.2183667	0.02516003
-0.01952383	0.002249522	-0.2183667	0.02516003
-0.01952383	0.002249522	-0.2183667	0.02516003
-0.01952383	0.002249522	-0.2183667	0.02516003
-0.01952383	0.002249522	-0.2183667	0.02516003
-0.01952383	0.002249522	-0.2183667	0.02516003
-0.01952383	0.002249522	-0.2183667	0.02516003
-0.01952383	0.002249522	-0.2183667	0.02516003
-0.01952383	0.002249522	-0.2183667	0.02516003
-0.01952383	0.002249522	-0.2183667	0.02516003
-0.01952383	0.002249522	-0.2183667	0.02516003
-0.01952383	0.002249522	-0.2183667	0.02516003
-0.01952383	0.002249522	-0.2183667	0.02516003
-0.01955014	0.002230712	-0.2186333	0.02494649
-0.01955014	0.002230712	-0.2186333	0.02494649
-0.01955014	0.002230712	-0.2186333	0.02494649
-0.01955014	0.002230712	-0.2186333	0.02494649
-0.01952383	0.002249522	-0.2183667	0.02516003
-0.01952383	0.002249522	-0.2183667	0.02516003
-0.01947122	0.002211901	-0.2177384	0.02473474
-0.01947122	0.002211901	-0.2177384	0.02473474
-0.01941861	0.00217428	-0.2171107	0.02430964
-0.01941861	0.00217428	-0.2171107	0.02430964
-0.01947122	0.00217428	-0.2176916	0.02430885
-0.01947122	0.00217428	-0.2176916	0.02430885
-0.01955014	0.002155469	-0.2185401	0.02409476
-0.01955014	0.002155469	-0.2185401	0.02409476
-0.01960275	0.002117847	-0.2190758	0.02366858
-0.01960275	0.002117847	-0.2190758	0.02366858
-0.01965536	0.002117847	-0.219657	0.02366785
-0.01965536	0.002117847	-0.219657	0.02366785
-0.01962906	0.002099036	-0.2193441	0.0234556
-0.01962906	0.002099036	-0.2193441	0.0234556
-0.01960275	0.002080224	-0.2190313	0.02324338
-0.01960275	0.002080224	-0.2190313	0.02324338
-0.01955014	0.002042601	-0.2184062	0.02281913
-0.01955014	0.002042601	-0.2184062	0.02281913
-0.01949753	0.002004978	-0.2177816	0.02239501
-0.01949753	0.002004978	-0.2177816	0.02239501
-0.01947122	0.001986166	-0.2174696	0.022183
-0.01947122	0.001986166	-0.2174696	0.022183
-0.01949753	0.001967354	-0.2177393	0.02197051
-0.01949753	0.001967354	-0.2177393	0.02197051
-0.01949753	0.001967354	-0.2177393	0.02197051
-0.01949753	0.001967354	-0.2177393	0.02197051
-0.01955014	0.00192973	-0.2182794	0.02154567
-0.01955014	0.00192973	-0.2182794	0.02154567
-0.01881357	0.001327685	-0.2095596	0.01478874
-0.01881357	0.001327685	-0.2095596	0.01478874
-0.01810328	0.000669074	-0.201285	0.007439237
-0.01810328	0.000669074	-0.201285	0.007439237
-0.01818221	0.0005373363	-0.2021127	0.005973011
-0.01818221	0.0005373363	-0.2021127	0.005973011
-0.01836636	0.0004055933	-0.2041204	0.004507681
-0.01836636	0.0004055933	-0.2041204	0.004507681
-0.0185505	0.0002738452	-0.2061392	0.003043067
-0.0185505	0.0002738452	-0.2061392	0.003043067
-0.01860312	0.0002362019	-0.206718	0.002624669
-0.01860312	0.0002362019	-0.206718	0.002624669
-0.01860312	0.0002362019	-0.206718	0.002624669
-0.01860312	0.0002362019	-0.206718	0.002624669
-0.01836636	0.0001044471	-0.2040739	0.001160563
-0.01836636	0.0001044471	-0.2040739	0.001160563
-0.01820851	-8.489796E-06	-0.2023169	-9.433213E-05
-0.01820851	-8.489796E-06	-0.2023169	-9.433213E-05
-0.01789283	-0.000234375	-0.1988262	-0.002604405
-0.01789283	-0.000234375	-0.1988262	-0.002604405
-0.01770867	-0.0003661485	-0.1968051	-0.004069169
-0.01770867	-0.0003661485	-0.1968051	-0.004069169
-0.0174456	-0.0005544053	-0.1939378	-0.006163183
-0.0174456	-0.0005544053	-0.1939378	-0.006163183
-0.01736668	-0.0005732315	-0.1930682	-0.006372714
-0.01736668	-0.0005732315	-0.1930682	-0.006372714
-0.01728775	-0.000629711	-0.1922135	-0.007001406
-0.01728775	-0.000629711	-0.1922135	-0.007001406
-0.01723514	-0.0006673645	-0.191645	-0.007420736
-0.01723514	-0.0006673645	-0.191645	-0.007420736
-0.01723514	-0.0006673645	-0.191645	-0.007420736
-0.01723514	-0.0006673645	-0.191645	-0.007420736
-0.01723514	-0.0006673645	-0.191645	-0.007420736
-0.01723514	-0.0006673645	-0.191645	-0.007420736
-0.01726144	-0.0006861914	-0.1919453	-0.007630367
-0.01726144	-0.0006861914	-0.1919453	-0.007630367
-0.01718252	-0.0007803275	-0.1911137	-0.008679249
-0.01718252	-0.0007803275	-0.1911137	-0.008679249
-0.0135518	-0.005377424	-0.1619968	-0.06428117
-0.0135518	-0.005377424	-0.1619968	-0.06428117
-0.01978689	-0.01619857	-0.2841306	-0.232604
-0.01978689	-0.01619857	-0.2841306	-0.232604
-0.01144687	-0.03180571	-0.1351738	-0.3755875
-0.01144687	-0.03180571	-0.1351738	-0.3755875
-0.02131256	-0.0559902	-0.2533819	-0.6656593
-0.02131256	-0.0559902	-0.2533819	-0.6656593
-0.0246792	-0.05836783	-0.2977177	-0.7041208
-0.0246792	-0.05836783	-0.2977177	-0.7041208
-0.0246792	-0.05836783	-0.2977177	-0.7041208
-0.0246792	-0.05836783	-0.2977177	-0.7041208
-0.0246529	-0.05834865	-0.2973672	-0.7038108
-0.0246529	-0.05834865	-0.2973672	-0.7038108
-0.0246266	-0.0582911	-0.2970463	-0.703108
-0.0246266	-0.0582911	-0.2970463	-0.703108
-0.0246003	-0.05823356	-0.2967255	-0.7024052
-0.0246003	-0.05823356	-0.2967255	-0.7024052
-0.0246266	-0.05817601	-0.2971354	-0.70193
-0.0246266	-0.05817601	-0.2971354	-0.70193
-0.0246792	-0.05813765	-0.2978968	-0.7017659
-0.0246792	-0.05813765	-0.2978968	-0.7017659
-0.0247055	-0.05811847	-0.2982778	-0.7016838
-0.0247055	-0.05811847	-0.2982778	-0.7016838
-0.0247581	-0.05808011	-0.2990407	-0.7015206
-0.0247581	-0.05808011	-0.2990407	-0.7015206
-0.0248896	-0.05798421	-0.3009524	-0.7011155
-0.0248896	-0.05798421	-0.3009524	-0.7011155
-0.02502109	-0.05788831	-0.3028704	-0.700715
-0.02502109	-0.05788831	-0.3028704	-0.700715
-0.02507369	-0.05784995	-0.3036394	-0.7005559
-0.02507369	-0.05784995	-0.3036394	-0.7005559
-0.02515259	-0.05779242	-0.3047948	-0.7003188
-0.02515259	-0.05779242	-0.3047948	-0.7003188
-0.02525778	-0.0577157	-0.3063392	-0.7000052
-0.02525778	-0.0577157	-0.3063392	-0.7000052
-0.02528408	-0.05769653	-0.3067259	-0.6999271
-0.02528408	-0.05769653	-0.3067259	-0.6999271
-0.02533668	-0.05761982	-0.3075333	-0.6993817
-0.02533668	-0.05761982	-0.3075333	-0.6993817
-0.02581006	-0.05719795	-0.3146233	-0.6972402
-0.02581006	-0.05719795	-0.3146233	-0.6972402
-0.0357742	-0.04974863	-0.489593	-0.6808419
-0.0357742	-0.04974863	-0.489593	-0.6808419
-0.0460989	-0.04216555	-0.6941592	-0.6349307
-0.0460989	-0.04216555	-0.6941592	-0.6349307
-0.06404387	-0.02910727	-0.7816453	-0.3552498
-0.06404387	-0.02910727	-0.7816453	-0.3552498
-0.08521419	-0.01370252	-0.9589872	-0.1542061
-0.08521419	-0.01370252	-0.9589872	-0.1542061
-0.09080225	-0.009660014	-1.014607	-0.1079391
-0.09080225	-0.009660014	-1.014607	-0.1079391
-0.09422019	-0.007187879	-1.049933	-0.08009733
-0.09422019	-0.007187879	-1.049933	-0.08009733
-0.09416803	-0.006961517	-1.049167	-0.07756133
-0.09416803	-0.006961517	-1.049167	-0.07756133
-0.09411586	-0.006282527	-1.048059	-0.06996109
-0.09411586	-0.006282527	-1.048059	-0.06996109
-0.1024558	-2.731298E-05	-1.138398	-0.0003033426
-0.1024558	-2.731298E-05	-1.111111	-0.0003034892
-0.1212704	0.01357327	-1.32623	0.1517989
-0.1212704	0.01357327	-1.1213	0.1521969
-0.1449757	0.03102184	-1.392518	0.355758
-0.1449757	0.03102184	-1.163347	0.3608919
-0.1522083	0.03693106	-1.246215	0.4345794
-0.1522083	0.03693106	-1.184462	0.4374343
-0.1596815	0.04327716	-1.271398	0.5194419
-0.1596815	0.04327716	-1.210699	0.5239561
-0.1596045	0.05387995	-1.261549	0.6801252
-0.1596045	0.05387995	-1.261549	0.6801252
-0.1503566	0.08395645	-1.390617	1.257849
-0.1503566	0.08395645	-1.390617	1.257849
-0.1479118	0.09886038	-1.372832	1.492475
-0.1479118	0.09886038	-1.372832	1.492475
-0.1419339	0.1039213	-1.247053	1.501141
-0.1419339	0.1039213	-1.267249	1.46789
-0.1369531	0.1249693	-1.110417	1.623905
-0.1369531	0.1249693	-1.188259	1.440399
-0.1419597	0.1345223	-1.226261	1.540691
-0.1419597	0.1345223	-1.267665	1.468035
-0.1455167	0.1370717	-1.313357	1.50623
-0.1455167	0.1370717	-1.325765	1.488107
-0.1480405	0.138892	-1.358512	1.515221
-0.1480405	0.138892	-1.367848	1.502561
-0.1477831	0.1395108	-1.36035	1.505344
-0.1477831	0.1395108	-1.363522	1.501078
-0.1448984	0.1498373	-1.270685	1.557597
-0.1448984	0.1498373	-1.315563	1.484593
-0.1469334	0.1756649	-1.250908	1.673886
-0.1469334	0.1756649	-1.349299	1.496199
-0.1573721	0.195063	-1.440159	1.67259
-0.1573721	0.195063	-1.529736	1.557437
-0.1669319	0.2018237	-1.651244	1.635581
-0.1669319	0.2018237	-1.571349	1.571349
-0.1804115	0.2119088	-1.703416	1.650551
-0.1804115	0.2119088	-1.571348	1.571348
-0.1882191	0.2340364	-1.597467	1.727903
-0.1882191	0.2340364	-1.571348	1.571348
-0.1774301	0.2703878	-1.290958	1.699144
-0.1774301	0.2703878	-1.400348	1.513671
-0.1644487	0.2798	-1.185126	1.491351
-0.1644487	0.2798	-1.208796	1.447567
-0.1434551	0.295303	-0.9083182	1.425162
-0.1434551	0.295303	-0.9303461	1.349549
-0.1149385	0.3157081	-0.5978465	1.341963
-0.1149385	0.3157081	-0.6085002	1.238062
-0.1085974	0.3202449	-0.5428022	1.239464
-0.1085974	0.3202449	-0.5447262	1.217288
-0.1087014	0.3203521	-0.5457053	1.218133
-0.1087014	0.3203521	-0.5457518	1.217615
-0.1088314	0.3204414	-0.5469958	1.218456
-0.1088314	0.3204414	-0.5470347	1.218026
-0.1092735	0.320745	-0.5512695	1.220889
-0.1092735	0.320745	-0.5514045	1.219426
-0.1093775	0.3208165	-0.5524024	1.2201
-0.1093775	0.3208165	-0.5524343	1.219757
-0.1093775	0.3208165	-0.5524343	1.219757
-0.1093775	0.3208165	-0.5524343	1.219757
-0.1095335	0.3208165	-0.5539802	1.220253
-0.1095335	0.3208165	-0.5539802	1.220253
-0.1096375	0.3208879	-0.5549794	1.220929
-0.1096375	0.3208879	-0.5550117	1.220585
-0.1096375	0.3209236	-0.5549955	1.220757
-0.1096375	0.3209236	-0.5550117	1.220585
-0.1096375	0.3209236	-0.5550117	1.220585
-0.1096375	0.3209236	-0.5550117	1.220585
-0.1096375	0.3209236	-0.5550117	1.220585
-0.1096375	0.3209236	-0.5550117	1.220585
-0.1096375	0.3209236	-0.5550117	1.220585
-0.1096375	0.3209236	-0.5550117	1.220585
-0.1096375	0.3209236	-0.5550117	1.220585
-0.1096375	0.3209236	-0.5550117	1.220585
-0.1096115	0.3209415	-0.5547457	1.220588
-0.1096115	0.3209415	-0.5547538	1.220502
-0.1095855	0.3209236	-0.554504	1.220333
-0.1095855	0.3209236	-0.554504	1.220333
-0.1095855	0.3209236	-0.554504	1.220333
-0.1095855	0.3209236	-0.554504	1.220333
-0.1095855	0.3209236	-0.554504	1.220333
-0.1095855	0.3209236	-0.554504	1.220333
-0.1095595	0.3209058	-0.5542542	1.220165
-0.1095595	0.3209058	-0.5542542	1.220165
-0.1095335	0.3208879	-0.5540044	1.219996
-0.1095335	0.3208879	-0.5540044	1.219996
-0.1095335	0.3208879	-0.5540044	1.219996
-0.1095335	0.3208879	-0.5540044	1.219996
-0.1095595	0.32087	-0.5542703	1.219993
-0.1095595	0.32087	-0.5542703	1.219993
-0.1097935	0.3207808	-0.5566334	1.220312
-0.1097935	0.3207808	-0.5566334	1.220312
-0.1097935	0.3207808	-0.5566334	1.220312
-0.1097935	0.3207808	-0.5566334	1.220312
-0.1101055	0.3207093	-0.5597689	1.220969
-0.1101055	0.3207093	-0.5597689	1.220969
-0.1103915	0.3207629	-0.5625931	1.222146
-0.1103915	0.3207629	-0.5625931	1.222146
-0.1103655	0.3207808	-0.5623255	1.222148
-0.1103655	0.3207808	-0.5623255	1.222148
-0.1103655	0.3208165	-0.5623089	1.222319
-0.1103655	0.3208165	-0.5623089	1.222319
-0.1099235	0.3207272	-0.5579499	1.22047
-0.1099235	0.3207272	-0.5579499	1.22047
-0.1094035	0.3204414	-0.5529162	1.217435
-0.1094035	0.3204414	-0.5529162	1.217435
-0.104955	0.3232454	-0.5084007	1.217303
-0.104955	0.3232454	-0.5092311	1.206089
-0.08186923	0.3388354	-0.2996783	1.227976
-0.08186923	0.3388354	-0.3009621	1.14862
-0.06831458	0.3479427	-0.1890366	1.172181
-0.06831458	0.3479427	-0.1892395	1.126675
-0.06721438	0.3486927	-0.1804026	1.128975
-0.06721438	0.3486927	-0.1804177	1.125301
-0.06666423	0.349032	-0.1760114	1.126298
-0.06666423	0.349032	-0.1760178	1.124638
-0.06650703	0.3491392	-0.1747601	1.124975
-0.06650703	0.3491392	-0.174762	1.124451
-0.06632363	0.3492642	-0.1732954	1.124846
-0.06632363	0.3492642	-0.1732976	1.124235
-0.06603543	0.3494606	-0.1709947	1.124859
-0.06603543	0.3494606	-0.1709981	1.123898
-0.06595682	0.3495499	-0.1703698	1.124244
-0.06595682	0.3495499	-0.1703713	1.123807
-0.06595682	0.3495856	-0.1703707	1.123982
-0.06595682	0.3495856	-0.1703713	1.123807
-0.06595682	0.3496571	-0.1703701	1.124156
-0.06595682	0.3496571	-0.1703713	1.123807
-0.06593062	0.3496749	-0.1701621	1.123864
-0.06593062	0.3496749	-0.1701623	1.123777
-0.06587821	0.3496749	-0.1697446	1.123717
-0.06587821	0.3496749	-0.1697446	1.123717
-0.06585202	0.3496571	-0.169536	1.123599
-0.06585202	0.3496571	-0.169536	1.123599
-0.06587821	0.3496392	-0.1697451	1.123542
-0.06587821	0.3496392	-0.1697451	1.123542
-0.06585202	0.3496213	-0.1695366	1.123424
-0.06585202	0.3496213	-0.1695366	1.123424
-0.06585202	0.3496213	-0.1695366	1.123424
-0.06585202	0.3496213	-0.1695366	1.123424
-0.06585202	0.3495856	-0.1695372	1.12325
-0.06585202	0.3495856	-0.1695372	1.12325
-0.06585202	0.3495499	-0.1695378	1.123075
-0.06585202	0.3495499	-0.1695378	1.123075
-0.06572101	0.3493178	-0.1684975	1.12179
-0.06572101	0.3493178	-0.1684975	1.12179
-0.06556379	0.3491749	-0.1672474	1.120912
-0.06556379	0.3491749	-0.1672474	1.120912
-0.06553759	0.3487999	-0.1670447	1.11905
-0.06553759	0.3487999	-0.1670447	1.11905
-0.06640223	0.3481034	-0.1739538	1.116653
-0.06640223	0.3481034	-0.1739538	1.116653
-0.06661183	0.3478891	-0.1756327	1.115857
-0.06661183	0.3478891	-0.1756327	1.115857
-0.06658563	0.3478713	-0.1754236	1.115738
-0.06658563	0.3478713	-0.1754236	1.115738
-0.06655943	0.3478534	-0.1752146	1.115619
-0.06655943	0.3478534	-0.1752146	1.115619
-0.06653323	0.3478355	-0.1750055	1.115501
-0.06653323	0.3478355	-0.1750055	1.115501
-0.06655943	0.3478177	-0.1752153	1.115445
-0.06655943	0.3478177	-0.1752153	1.115445
-0.06653323	0.3478355	-0.1750055	1.115501
-0.06653323	0.3478355	-0.1750055	1.115501
-0.06653323	0.3478355	-0.1750055	1.115501
-0.06653323	0.3478355	-0.1750055	1.115501
-0.06653323	0.3478355	-0.1750055	1.115501
-0.06653323	0.3478355	-0.1750055	1.115501
-0.06653323	0.3478355	-0.1750055	1.115501
-0.06653323	0.3478355	-0.1750055	1.115501
-0.06653323	0.3478355	-0.1750055	1.115501
-0.06653323	0.3478355	-0.1750055	1.115501
-0.06653323	0.3478355	-0.1750055	1.115501
-0.06653323	0.3478355	-0.1750055	1.115501
-0.06653323	0.3478355	-0.1750055	1.115501
-0.06653323	0.3478355	-0.1750055	1.115501
-0.06653323	0.3478355	-0.1750055	1.115501
-0.06653323	0.3478355	-0.1750055	1.115501
-0.06653323	0.3478355	-0.1750055	1.115501
-0.06653323	0.3478355	-0.1750055	1.115501
-0.06653323	0.3477998	-0.1750062	1.115326
-0.06653323	0.3477998	-0.1750062	1.115326
-0.06930985	0.3451569	-0.1973686	1.105985
-0.06930985	0.3451569	-0.1973686	1.105985
-0.07567102	0.3379247	-0.2497578	1.080795
-0.07567102	0.3379247	-0.2497578	1.080795
-0.09515909	0.3242098	-0.4238468	1.060977
-0.09515909	0.3242098	-0.4238468	1.060977
-0.1229037	0.3044353	-0.7362077	1.075552
-0.1229037	0.3044353	-0.7362077	1.075552
-0.1351965	0.294302	-0.9165574	1.092965
-0.1351965	0.294302	-0.9165574	1.092965
-0.1442026	0.2830912	-1.084216	1.098727
-0.1442026	0.2830912	-1.084216	1.098727
-0.1403088	0.2560431	-0.9851696	0.8612238
-0.1403088	0.2560431	-0.9851696	0.8612238
-0.1342921	0.2420048	-0.9048442	0.7534979
-0.1342921	0.2420048	-0.9048442	0.7534979
-0.1185208	0.2305706	-0.7760051	0.7067423
-0.1185208	0.2305706	-0.7760051	0.7067423
-0.1016745	0.2189251	-0.6135831	0.6427943
-0.1016745	0.2189251	-0.6135831	0.6427943
-0.07797317	0.1917254	-0.3327205	0.4212285
-0.07797317	0.1917254	-0.3327205	0.4212285
-0.07653443	0.1709605	-0.338311	0.3084466
-0.07653443	0.1709605	-0.338311	0.3084466
-0.06435836	0.1531785	-0.2097381	0.1881558
-0.06435836	0.1531785	-0.2097381	0.1881558
-0.02854488	0.1268667	0.1204247	0.01006321
-0.02854488	0.1268667	0.1204247	0.01006321
-0.02523149	0.1005663	0.1886064	-0.1554223
-0.02523149	0.1005663	0.1886064	-0.1554223
-0.02339047	0.06380674	0.1807722	-0.3412982
-0.02339047	0.06380674	0.1807722	-0.3412982
-0.01862942	0.03683792	0.2155725	-0.4771956
-0.01862942	0.03683792	0.2155725	-0.4771956
-0.0004736842	-0.01389155	0.3747691	-0.7636804
-0.0004736842	-0.01389155	0.3747691	-0.7636804
0.02328526	-0.04071608	0.6155747	-0.9692078
0.02328526	-0.04071608	0.6155747	-0.9692078
0.05465604	-0.06483959	0.9811205	-1.20769
0.05465604	-0.06483959	0.9811205	-1.20769
0.0682622	-0.131546	1.049609	-1.534916
0.0682622	-0.131546	1.098676	-1.408981
0.07428411	-0.1571203	1.137017	-1.531087
0.07428411	-0.1571203	1.181392	-1.437998
0.08662478	-0.1980293	1.279029	-1.637499
0.08662478	-0.1980293	1.360963	-1.500201
0.08926217	-0.2136154	1.366841	-1.560942
0.08926217	-0.2136154	1.401133	-1.513939
0.09479399	-0.2397506	1.42804	-1.619044
0.09479399	-0.2397506	1.487477	-1.543227
0.09375069	-0.2611159	1.424328	-1.596832
0.09375069	-0.2611159	1.470975	-1.537655
0.09051515	-0.2923178	1.360667	-1.605344
0.09051515	-0.2923178	1.420441	-1.520517
0.07799933	-0.3047716	1.214966	-1.4895
0.07799933	-0.3047716	1.234015	-1.45635
0.07177125	-0.3207048	1.125887	-1.468332
0.07177125	-0.3207048	1.146491	-1.425778
0.0708025	-0.3543184	1.094198	-1.509827
0.0708025	-0.3543184	1.133184	-1.421109
0.06608783	-0.3905439	1.033878	-1.491189
0.06608783	-0.3905439	1.069582	-1.398735
0.0560465	-0.448932	0.9006755	-1.500383
0.0560465	-0.448932	0.9404073	-1.353105
0.04347259	-0.4861277	0.7726183	-1.389705
0.04347259	-0.4861277	0.7902027	-1.300217
0.02796639	-0.5283192	0.6103736	-1.3436
0.02796639	-0.5283192	0.6213489	-1.242333
0.001763156	-0.5644525	0.3686668	-1.253499
0.001763156	-0.5644525	0.3711736	-1.166045
-0.008815561	-0.5873047	0.2794275	-1.19798
-0.008815561	-0.5873047	0.2801654	-1.143949
-0.01826113	-0.6217194	0.202059	-1.209267
-0.01826113	-0.6217194	0.2024766	-1.128843
-0.04013633	-0.6506647	0.03064456	-1.177724
-0.04013633	-0.6506647	0.03064584	-1.111534
-0.04972214	-0.6608509	-0.0433057	-1.134564
-0.04972214	-0.6608509	-0.04330699	-1.111953
-0.04966964	-0.6610183	-0.04290124	-1.112306
-0.04966964	-0.6610183	-0.04290126	-1.111938
-0.05305542	-0.6648467	-0.06910519	-1.121652
-0.05305542	-0.6648467	-0.06910717	-1.113249
-0.06962412	-0.6827499	-0.199578	-1.167027
-0.06962412	-0.6827499	-0.1997816	-1.128392
-0.09275936	-0.7085737	-0.3940086	-1.225511
-0.09275936	-0.7085737	-0.3958968	-1.172718
-0.1063342	-0.7238649	-0.5202982	-1.23981
-0.1063342	-0.7238649	-0.5225773	-1.210265
-0.1110673	-0.7292851	-0.5682551	-1.235374
-0.1110673	-0.7292851	-0.5692614	-1.225189
-0.1110673	-0.7292851	-0.5692614	-1.225189
-0.1110673	-0.7292851	-0.5692614	-1.225189
-0.1110673	-0.7292851	-0.5692614	-1.225189
-0.1110673	-0.7292851	-0.5692614	-1.225189
-0.1110154	-0.7289268	-0.5688081	-1.224351
-0.1110154	-0.7289268	-0.5688081	-1.224351
-0.1109634	-0.7290462	-0.5682654	-1.224406
-0.1109634	-0.7290462	-0.5682654	-1.224406
-0.1109634	-0.7289865	-0.5682766	-1.224294
-0.1109634	-0.7289865	-0.5682766	-1.224294
-0.1109634	-0.7289865	-0.5682766	-1.224294
-0.1109634	-0.7289865	-0.5682766	-1.224294
-0.1109894	-0.7289566	-0.5685422	-1.224323
-0.1109894	-0.7289566	-0.5685422	-1.224323
-0.1110154	-0.7289865	-0.5687968	-1.224463
-0.1110154	-0.7289865	-0.5687968	-1.224463
-0.1110154	-0.7289268	-0.5688081	-1.224351
-0.1110154	-0.7289268	-0.5688081	-1.224351
-0.1110414	-0.7289566	-0.5690628	-1.224491
-0.1110414	-0.7289566	-0.5690628	-1.224491
-0.1110154	-0.7289268	-0.5688081	-1.224351
-0.1110154	-0.7289268	-0.5688081	-1.224351
-0.1110414	-0.7289566	-0.5690628	-1.224491
-0.1110414	-0.7289566	-0.5690628	-1.224491
-0.1110673	-0.7289268	-0.5693286	-1.22452
-0.1110673	-0.7289268	-0.5693286	-1.22452
-0.1110673	-0.7289268	-0.5693286	-1.22452
-0.1110673	-0.7289268	-0.5693286	-1.22452
-0.1110673	-0.7289268	-0.5693286	-1.22452
-0.1110673	-0.7289268	-0.5693286	-1.22452
-0.1110933	-0.7288969	-0.5695944	-1.224549
-0.1110933	-0.7288969	-0.5695944	-1.224549
-0.1110933	-0.7288969	-0.5695944	-1.224549
-0.1110933	-0.7288969	-0.5695944	-1.224549
-0.1096375	-0.7271073	-0.5553978	-1.216503
-0.1096375	-0.7271073	-0.5553978	-1.216503
-0.1094815	-0.726869	-0.5538905	-1.215558
-0.1094815	-0.726869	-0.5538905	-1.215558
-0.1074009	-0.7239539	-0.5338414	-1.203503
-0.1074009	-0.7239539	-0.5338414	-1.203503
-0.08824392	-0.6992347	-0.357733	-1.103021
-0.08824392	-0.6992347	-0.357733	-1.103021
-0.0810327	-0.6684363	-0.2963179	-1.026071
-0.0810327	-0.6684363	-0.2963179	-1.026071
-0.07867935	-0.6662475	-0.2761972	-1.016834
-0.07867935	-0.6662475	-0.2761972	-1.016834
-0.07556636	-0.6626374	-0.2499467	-1.003591
-0.07556636	-0.6626374	-0.2499467	-1.003591
-0.06359833	-0.6447147	-0.1521823	-0.9489033
-0.06359833	-0.6447147	-0.1521823	-0.9489033
-0.05882679	-0.6116506	-0.1144363	-0.8762102
-0.05882679	-0.6116506	-0.1144363	-0.8762102
-0.05659739	-0.5963184	-0.09691815	-0.8427712
-0.05659739	-0.5963184	-0.09691815	-0.8427712
-0.05368521	-0.5716693	-0.07415473	-0.7899438
-0.05368521	-0.5716693	-0.07415473	-0.7899438
-0.05722692	-0.523949	-0.1022237	-0.6955932
-0.05722692	-0.523949	-0.1022237	-0.6955932
-0.05777773	-0.4995152	-0.1068127	-0.6465243
-0.05777773	-0.4995152	-0.1068127	-0.6465243
-0.05701708	-0.4753302	-0.1009345	-0.596428
-0.05701708	-0.4753302	-0.1009345	-0.596428
-0.05510206	-0.4464477	-0.08583692	-0.5353322
-0.05510206	-0.4464477	-0.08583692	-0.5353322
-0.05124457	-0.3907245	-0.05549639	-0.4174534
-0.05124457	-0.3907245	-0.05549639	-0.4174534
-0.04922336	-0.3609718	-0.03967434	-0.3547324
-0.04922336	-0.3609718	-0.03967434	-0.3547324
-0.04977464	-0.302137	-0.04445058	-0.2354455
-0.04977464	-0.302137	-0.04445058	-0.2354455
-0.05006339	-0.2570373	-0.0483621	-0.145882
-0.05006339	-0.2570373	-0.0483621	-0.145882
-0.04906585	-0.228453	-0.04238968	-0.08829679
-0.04906585	-0.228453	-0.04238968	-0.08829679
-0.04804195	-0.19598	-0.03287887	-0.01379129
-0.04804195	-0.19598	-0.03287887	-0.01379129
-0.04625645	-0.1666476	-0.01752166	0.05048595
-0.04625645	-0.1666476	-0.01752166	0.05048595
-0.05355401	-0.1449334	-0.09270671	0.1176587
-0.05355401	-0.1449334	-0.09270671	0.1176587
-0.06427974	-0.1365601	-0.1902925	0.1341862
-0.06427974	-0.1365601	-0.1902925	0.1341862
-0.07187597	-0.1167215	-0.2617043	0.1840044
-0.07187597	-0.1167215	-0.2617043	0.1840044
-0.07750235	-0.08858854	-0.3312791	0.2682318
-0.07750235	-0.08858854	-0.3312791	0.2682318
-0.0999292	-0.0590201	-0.5077243	0.3177723
-0.0999292	-0.0590201	-0.5077243	0.3177723
-0.1051112	-0.05520448	-0.5459546	0.3217951
-0.1051112	-0.05520448	-0.5459546	0.3217951
-0.1069847	-0.0538252	-0.5598628	0.3234408
-0.1069847	-0.0538252	-0.5598628	0.3234408
-0.1070107	-0.05380604	-0.5600561	0.3234642
-0.1070107	-0.05380604	-0.5600561	0.3234642
-0.1079992	-0.05269543	-0.5678029	0.3255012
-0.1079992	-0.05269543	-0.5678029	0.3255012
-0.1107034	-0.04081142	-0.5981634	0.3574956
-0.1107034	-0.04081142	-0.5981634	0.3574956
-0.106022	0.0008572618	-0.6181203	0.5084838
-0.106022	0.0008572618	-0.6181203	0.5084838
-0.09813116	0.04273788	-0.5519906	0.6347236
-0.09813116	0.04273788	-0.5519906	0.6347236
-0.08894888	0.05343489	-0.4200495	0.6086865
-0.08894888	0.05343489	-0.4200495	0.6086865
-0.08550156	0.05584506	-0.3773271	0.5981855
-0.08550156	0.05584506	-0.3773271	0.5981855
-0.08550156	0.05584506	-0.3773271	0.5981855
-0.08550156	0.05584506	-0.3773271	0.5981855
-0.08550156	0.05584506	-0.3773271	0.5981855
-0.08550156	0.05584506	-0.3773271	0.5981855
-0.08552769	0.0558636	-0.377625	0.5983252
-0.08552769	0.0558636	-0.377625	0.5983252
-0.08555381	0.05584506	-0.3779392	0.5984006
-0.08555381	0.05584506	-0.3779392	0.5984006
-0.08560605	0.05584506	-0.3785517	0.5986158
-0.08560605	0.05584506	-0.3785517	0.5986158
-0.08654642	0.05651223	-0.3893456	0.6036763
-0.08654642	0.05651223	-0.3893456	0.6036763
-0.09946021	0.06567452	-0.5494834	0.6774939
-0.09946021	0.06567452	-0.5494834	0.6774939
-0.1361782	0.090946	-0.9155684	0.745792
-0.1361782	0.090946	-0.9155684	0.745792
-0.1602457	0.1039946	-1.080719	0.7303213
-0.1602457	0.1039946	-1.080719	0.7303213
-0.1967123	0.1033165	-1.322439	0.6785445
-0.1967123	0.1033165	-1.26453	0.687071
-0.2716172	0.08999019	-1.768625	0.6095274
-0.2716172	0.08999019	-1.251659	0.6491587
-0.3091061	0.08115748	-1.447219	0.6048538
-0.3091061	0.08115748	-1.243388	0.624512
-0.3355725	0.07274956	-1.366429	0.5888282
-0.3355725	0.07274956	-1.235713	0.6013976
-0.3639516	0.05855011	-1.356068	0.5523101
-0.3639516	0.05855011	-1.223198	0.5631118
-0.3931232	0.03473252	-1.333588	0.4930517
-0.3931232	0.03473252	-1.203509	0.5009138
-0.4055649	0.02433679	-1.247729	0.4714837
-0.4055649	0.02433679	-1.195445	0.4745218
-0.4168415	0.01479167	-1.234803	0.4482983
-0.4168415	0.01479167	-1.188333	0.450673
-0.4277887	0.00540819	-1.225983	0.4255982
-0.4277887	0.00540819	-1.181618	0.4275739
-0.4473275	-0.01168064	-1.248495	0.3838084
-0.4473275	-0.01168064	-1.17011	0.3863447
-0.4585187	-0.02178393	-1.207212	0.3612148
-0.4585187	-0.02178393	-1.163754	0.3624513
-0.4724923	-0.0411928	-1.20619	0.3164393
-0.4724923	-0.0411928	-1.152499	0.3174826
-0.4782756	-0.06674359	-1.16155	0.2597154
-0.4782756	-0.06674359	-1.139653	0.2599677
-0.4797678	-0.06820612	-1.144581	0.2566644
-0.4797678	-0.06820612	-1.138987	0.2567278
-0.4883032	-0.0771519	-1.167122	0.2367454
-0.4883032	-0.0771519	-1.135078	0.2370249
-0.4921129	-0.0830674	-1.14677	0.2239909
-0.4921129	-0.0830674	-1.13265	0.2240982
-0.4917449	-0.1203703	-1.118907	0.1441901
-0.4917449	-0.1203703	-1.118907	0.1441901
-0.4937263	-0.1471156	-1.120621	0.08819498
-0.4937263	-0.1471156	-1.114584	0.088198
-0.494114	-0.1493992	-1.11567	0.08345237
-0.494114	-0.1493992	-1.114223	0.08345285
-0.4950518	-0.1503133	-1.117583	0.08155341
-0.4950518	-0.1503133	-1.114084	0.08155474
-0.4950721	-0.1503729	-1.114151	0.08143093
-0.4950721	-0.1503729	-1.114075	0.08143101
-0.495011	-0.1503133	-1.113857	0.0815549
-0.495011	-0.1503133	-1.113857	0.0815549
-0.494848	-0.150194	-1.113267	0.08180264
-0.494848	-0.150194	-1.113267	0.08180264
-0.4897388	-0.1465004	-1.094833	0.08948767
-0.4897388	-0.1465004	-1.094833	0.08948767
-0.4832819	-0.1499556	-1.070234	0.08231644
-0.4832819	-0.1499556	-1.070234	0.08231644
-0.482993	-0.1502338	-1.069114	0.08173881
-0.482993	-0.1502338	-1.069114	0.08173881
-0.482415	-0.1506711	-1.066893	0.08083143
-0.482415	-0.1506711	-1.066893	0.08083143
-0.4683942	-0.1432088	-1.016028	0.09640048
-0.4683942	-0.1432088	-1.016028	0.09640048
-0.4614346	-0.1366589	-0.9915564	0.1101329
-0.4614346	-0.1366589	-0.9915564	0.1101329
-0.4465571	-0.1228648	-0.9401023	0.1393771
-0.4465571	-0.1228648	-0.9401023	0.1393771
-0.4281373	-0.1060017	-0.8782783	0.1760339
-0.4281373	-0.1060017	-0.8782783	0.1760339
-0.4167315	-0.09550112	-0.8412855	0.1996209
-0.4167315	-0.09550112	-0.8412855	0.1996209
-0.397628	-0.07514431	-0.783648	0.2476684
-0.397628	-0.07514431	-0.783648	0.2476684
-0.37229	-0.05359538	-0.7103404	0.3053599
-0.37229	-0.05359538	-0.7103404	0.3053599
-0.3417764	-0.02829061	-0.633088	0.3909787
-0.3417764	-0.02829061	-0.633088	0.3909787
-0.3219716	-0.01207735	-0.5915458	0.4659758
-0.3219716	-0.01207735	-0.5915458	0.4659758
-0.2985396	0.006422848	-0.5159321	0.5528166
-0.2985396	0.006422848	-0.5159321	0.5528166
-0.2669956	0.03087259	-0.2986569	0.5233152
-0.2669956	0.03087259	-0.2986569	0.5233152
-0.2235426	0.0655451	-0.09876005	0.5348101
-0.2235426	0.0655451	-0.09876005	0.5348101
-0.2070426	0.09243445	-0.03556712	0.5823826
-0.2070426	0.09243445	-0.03556712	0.5823826
-0.1850429	0.1347409	0.04676777	0.6700599
-0.1850429	0.1347409	0.04676777	0.6700599
-0.1498421	0.1987956	0.182464	0.8199384
-0.1498421	0.1987956	0.182464	0.8199384
-0.1397411	0.2243184	0.2226305	0.8798105
-0.1397411	0.2243184	0.2226305	0.8798105
-0.1305428	0.2502721	0.2595329	0.9402747
-0.1305428	0.2502721	0.2595329	0.9402747
-0.1137957	0.2753809	0.3289538	1.007839
-0.1137957	0.2753809	0.3289538	1.007839
-0.09338548	0.2920139	0.4177434	1.06585
-0.09338548	0.2920139	0.4177434	1.06585
-0.07920239	0.3026841	0.4820178	1.106409
-0.07920239	0.3026841	0.4820178	1.106409
-0.06763352	0.313511	0.5355939	1.144519
-0.06763352	0.313511	0.5355939	1.144519
-0.06019036	0.3191554	0.5710046	1.167006
-0.06019036	0.3191554	0.5710046	1.167006
-0.06116047	0.3281388	0.564338	1.182087
-0.06116047	0.3281388	0.564338	1.182087
-0.05426247	0.3328354	0.5974854	1.202066
-0.05426247	0.3328354	0.5974854	1.202066
-0.05360649	0.3332818	0.6006641	1.203981
-0.05360649	0.3332818	0.6006641	1.203981
-0.05358025	0.333264	0.6007996	1.203992
-0.05358025	0.333264	0.6007996	1.203992
-0.05337032	0.3331211	0.6018835	1.204079
-0.05337032	0.3331211	0.6018835	1.204079
-0.05292422	0.3327818	0.6041988	1.2042
-0.05292422	0.3327818	0.6041988	1.2042
-0.05216316	0.3319068	0.6082296	1.203869
-0.05216316	0.3319068	0.6082296	1.203869
-0.03164732	0.3107421	0.7227335	1.202737
-0.03164732	0.3107421	0.7227335	1.202737
-0.01518304	0.2995568	0.8218367	1.216374
-0.01518304	0.2995568	0.8218367	1.216374
0.01010492	0.2789055	0.9945786	1.238212
0.01010492	0.2789055	0.9945786	1.238212
0.02830823	0.2412513	1.163277	1.224539
0.02830823	0.2412513	1.163277	1.224539
0.04032024	0.2332284	1.244228	1.220463
0.04032024	0.2332284	1.244228	1.220463
0.04273712	0.2315405	1.248268	1.207272
0.04273712	0.2315405	1.248268	1.207272
0.0557317	0.2226109	1.271232	1.14168
0.0557317	0.2226109	1.271232	1.14168
0.06247124	0.217882	1.283674	1.110096
0.06247124	0.217882	1.283674	1.110096
0.07116907	0.2119088	1.300555	1.072343
0.07116907	0.2119088	1.300555	1.072343
0.07847012	0.2068859	1.315253	1.042575
0.07847012	0.2068859	1.315253	1.042575
0.08343741	0.1764245	1.292243	0.9289594
0.08343741	0.1764245	1.292243	0.9289594
0.08879223	0.1522708	1.280502	0.8437284
0.08879223	0.1522708	1.280502	0.8437284
0.09747954	0.1239656	1.27725	0.7492167
0.09747954	0.1239656	1.27725	0.7492167
0.11351	0.08511601	1.292223	0.6299195
0.11351	0.08511601	1.247069	0.635511
0.145053	0.03316666	1.309458	0.4903775
0.145053	0.03316666	1.202274	0.49691
0.1525168	-0.004208703	1.199557	0.4032772
0.1525168	-0.004208703	1.175026	0.4042421
0.1627067	-0.08322223	1.166912	0.2235082
0.1627067	-0.08322223	1.132588	0.2237608
0.1650633	-0.1269752	1.12653	0.1302665
0.1650633	-0.1269752	1.118621	0.1302789
0.1616303	-0.1689104	1.100396	0.04306764
0.1616303	-0.1689104	1.100396	0.04306764
0.1588605	-0.2042908	1.090639	-0.02984578
0.1588605	-0.2042908	1.090639	-0.02984578
0.1470879	-0.2273411	1.053441	-0.07751796
0.1470879	-0.2273411	1.053441	-0.07751796
0.1325343	-0.2996345	1.026834	-0.2319011
0.1325343	-0.2996345	1.026834	-0.2319011
0.1229296	-0.3149394	1.002955	-0.2666813
0.1229296	-0.3149394	1.002955	-0.2666813
0.09150689	-0.3418789	0.9185469	-0.3331783
0.09150689	-0.3418789	0.9185469	-0.3331783
0.04956464	-0.3807378	0.8224158	-0.4477468
0.04956464	-0.3807378	0.8224158	-0.4477468
0.004131556	-0.4682737	0.8022823	-0.808156
0.004131556	-0.4682737	0.8022823	-0.808156
-0.02838711	-0.5153512	0.5576838	-0.81306
-0.02838711	-0.5153512	0.5576838	-0.81306
-0.09395936	-0.589447	0.2490508	-0.8571422
-0.09395936	-0.589447	0.2490508	-0.8571422
-0.195725	-0.6880621	-0.1039388	-1.031406
-0.195725	-0.6880621	-0.1039388	-1.031406
-0.2416322	-0.7034423	-0.2655111	-1.088881
-0.2416322	-0.7034423	-0.2655111	-1.088881
-0.2875653	-0.7097437	-0.4421402	-1.147593
-0.2875653	-0.7097437	-0.4421402	-1.147593
-0.3287525	-0.7135559	-0.6190271	-1.211395
-0.3287525	-0.7135559	-0.6190271	-1.211395
-0.3634919	-0.7120292	-0.7866049	-1.266217
-0.3634919	-0.7120292	-0.7866049	-1.266217
-0.3785311	-0.7057714	-0.8677874	-1.282951
-0.3785311	-0.7057714	-0.8677874	-1.282951
-0.3933253	-0.6868602	-0.9611097	-1.280146
-0.3933253	-0.6868602	-0.9611097	-1.280146
-0.4397272	-0.628113	-1.29236	-1.261525
-0.4397272	-0.628113	-1.29236	-1.261525
-0.4937468	-0.5359282	-1.316382	-0.8479783
-0.4937468	-0.5359282	-1.316382	-0.8479783
-0.4969245	-0.4839854	-1.271051	-0.68924
-0.4969245	-0.4839854	-1.265573	-0.6901212
-0.4959886	-0.3945876	-1.185532	-0.451295
-0.4959886	-0.3945876	-1.185532	-0.451295
-0.4875229	-0.2545316	-1.087751	-0.134323
-0.4875229	-0.2545316	-1.087751	-0.134323
-0.4826421	-0.2262504	-1.065813	-0.07524929
-0.4826421	-0.2262504	-1.065813	-0.07524929
-0.4770303	-0.2056349	-1.044837	-0.03261882
-0.4770303	-0.2056349	-1.044837	-0.03261882
-0.4760745	-0.1688703	-1.042012	0.04315414
-0.4760745	-0.1688703	-1.042012	0.04315414
-0.4689807	-0.1169176	-1.028323	0.1517445
-0.4689807	-0.1169176	-1.028323	0.1517445
-0.4655406	-0.07807899	-1.031747	0.2360566
-0.4655406	-0.07807899	-1.031747	0.2360566
-0.4586457	-0.01829903	-1.044176	0.3753638
-0.4586457	-0.01829903	-1.044176	0.3753638
-0.4185344	0.08925481	-1.024393	0.6943349
-0.4185344	0.08925481	-1.024393	0.6943349
-0.3921348	0.1111548	-0.9802161	0.8001554
-0.3921348	0.1111548	-0.9802161	0.8001554
-0.3601773	0.1369625	-0.9079244	0.9370863
-0.3601773	0.1369625	-0.9079244	0.9370863
-0.3011578	0.1826971	-0.5274522	0.8914408
-0.3011578	0.1826971	-0.5274522	0.8914408
-0.2611592	0.2123947	-0.3426498	0.8879111
-0.2611592	0.2123947	-0.3426498	0.8879111
-0.2186829	0.2432426	-0.1805404	0.909313
-0.2186829	0.2432426	-0.1805404	0.909313
-0.1662153	0.2799968	-0.0009559133	0.9675908
-0.1662153	0.2799968	-0.0009559133	0.9675908
-0.1462123	0.2939267	0.06633822	0.9984889
-0.1462123	0.2939267	0.06633822	0.9984889
-0.1289127	0.3059362	0.1251821	1.028561
-0.1289127	0.3059362	0.1251821	1.028561
-0.1085194	0.3200127	0.1959427	1.067559
-0.1085194	0.3200127	0.1959427	1.067559
-0.0926289	0.330871	0.2524606	1.100251
-0.0926289	0.330871	0.2524606	1.100251
-0.07969924	0.3397105	0.2994925	1.128351
-0.07969924	0.3397105	0.2994925	1.128351
-0.06983363	0.3460855	0.3360832	1.149894
-0.06983363	0.3460855	0.3360832	1.149894
-0.06938842	0.3458177	0.337777	1.149785
-0.06938842	0.3458177	0.337777	1.149785
-0.06915271	0.3456569	0.3386755	1.149691
-0.06915271	0.3456569	0.3386755	1.149691
-0.06875985	0.3453533	0.3401763	1.149465
-0.06875985	0.3453533	0.3401763	1.149465
-0.06849793	0.3451748	0.3411766	1.149362
-0.06849793	0.3451748	0.3411766	1.149362
-0.06789548	0.3447641	0.3434802	1.149128
-0.06789548	0.3447641	0.3434802	1.149128
-0.06661183	0.3438891	0.3484016	1.148645
-0.06661183	0.3438891	0.3484016	1.148645
-0.06587821	0.343389	0.3512223	1.148378
-0.06587821	0.343389	0.3512223	1.148378
-0.06029525	0.339264	0.3729109	1.145916
-0.06029525	0.339264	0.3729109	1.145916
-0.04457572	0.3283888	0.4360426	1.142375
-0.04457572	0.3283888	0.4360426	1.142375
-0.02502109	0.3149579	0.5196792	1.142161
-0.02502109	0.3149579	0.5196792	1.142161
-0.0003947368	0.2961253	0.6355945	1.14474
-0.0003947368	0.2961253	0.6355945	1.14474
0.03700941	0.2682576	0.8402938	1.163679
0.03700941	0.2682576	0.8402938	1.163679
0.04691292	0.261507	0.9011822	1.172395
0.04691292	0.261507	0.9011822	1.172395
0.06071476	0.2520109	0.9917224	1.186122
0.06071476	0.2520109	0.9917224	1.186122
0.09961654	0.1711777	1.160766	0.9681316
0.09961654	0.1711777	1.160766	0.9681316
0.124355	0.1490926	1.19865	0.8585784
0.124355	0.1490926	1.19865	0.8585784
0.1424754	0.1247503	1.221285	0.7642506
0.1424754	0.1247503	1.221285	0.7642506
0.1699499	0.01915569	1.206861	0.4606614
0.1699499	0.01915569	1.19155	0.4615318
0.1772516	-0.03264233	1.180681	0.3365883
0.1772516	-0.03264233	1.1573	0.3371479
0.1845343	-0.08591373	1.155108	0.2177428
0.1845343	-0.08591373	1.131527	0.2179059
0.1947119	-0.09987935	1.159192	0.1876211
0.1947119	-0.09987935	1.126442	0.1877662
0.1923297	-0.1569209	1.105534	0.06785557
0.1923297	-0.1569209	1.105534	0.06785557
0.1886508	-0.1733825	1.09216	0.03384013
0.1886508	-0.1733825	1.09216	0.03384013
0.1845597	-0.2043315	1.078907	-0.02992999
0.1845597	-0.2043315	1.078907	-0.02992999
0.1613226	-0.2873642	1.023744	-0.2049183
0.1613226	-0.2873642	1.023744	-0.2049183
0.1402572	-0.3149394	0.9709772	-0.2673147
0.1402572	-0.3149394	0.9709772	-0.2673147
0.1132242	-0.3567026	0.9162175	-0.370829
0.1132242	-0.3567026	0.9162175	-0.370829
0.06886462	-0.3990047	0.8277454	-0.5046205
0.06886462	-0.3990047	0.8277454	-0.5046205
-0.01055224	-0.4676556	0.5752807	-0.7289876
-0.01055224	-0.4676556	0.5752807	-0.7289876
-0.03393434	-0.4823989	0.4438986	-0.7105551
-0.03393434	-0.4823989	0.4438986	-0.7105551
-0.05785641	-0.5045611	0.3300622	-0.7141578
-0.05785641	-0.5045611	0.3300622	-0.7141578
-0.1112233	-0.5547863	0.1299922	-0.762558
-0.1112233	-0.5547863	0.1299922	-0.762558
-0.1449242	-0.5689419	0.01986948	-0.7811227
-0.1449242	-0.5689419	0.01986948	-0.7811227
-0.1787046	-0.5695075	-0.08924153	-0.7870448
-0.1787046	-0.5695075	-0.08924153	-0.7870448
-0.2147423	-0.5899963	-0.2106591	-0.8492137
-0.2147423	-0.5899963	-0.2106591	-0.8492137
-0.2481712	-0.6218001	-0.3304724	-0.9428101
-0.2481712	-0.6218001	-0.3304724	-0.9428101
-0.2629759	-0.6343805	-0.386138	-0.9836675
-0.2629759	-0.6343805	-0.386138	-0.9836675
-0.3066444	-0.6297104	-0.5707222	-1.034712
-0.3066444	-0.6297104	-0.5707222	-1.034712
-0.3591859	-0.6421905	-0.8228617	-1.146775
-0.3591859	-0.6421905	-0.8228617	-1.146775
-0.3689519	-0.6539015	-0.8675292	-1.18472
-0.3689519	-0.6539015	-0.8675292	-1.18472
-0.3777129	-0.6647068	-0.9076587	-1.219344
-0.3777129	-0.6647068	-0.9076587	-1.219344
-0.3793488	-0.6678466	-0.9144083	-1.22767
-0.3793488	-0.6678466	-0.9144083	-1.22767
-0.3832031	-0.6634758	-0.9386385	-1.227943
-0.3832031	-0.6634758	-0.9386385	-1.227943
-0.3975609	-0.6457866	-1.035772	-1.22842
-0.3975609	-0.6457866	-1.035772	-1.22842
-0.4147494	-0.6247093	-1.165882	-1.232833
-0.4147494	-0.6247093	-1.165882	-1.232833
-0.4761577	-0.5444143	-1.274425	-0.8912196
-0.4761577	-0.5444143	-1.274425	-0.8912196
-0.4871325	-0.5070546	-1.261976	-0.7637496
-0.4871325	-0.5070546	-1.261976	-0.7637496
-0.4863513	-0.4603066	-1.21269	-0.627234
-0.4863513	-0.4603066	-1.21269	-0.627234
-0.4846428	-0.3977123	-1.154034	-0.4611233
-0.4846428	-0.3977123	-1.154034	-0.4611233
-0.4814231	-0.3454518	-1.108663	-0.3348738
-0.4814231	-0.3454518	-1.108663	-0.3348738
-0.4782756	-0.3230423	-1.08642	-0.2836113
-0.4782756	-0.3230423	-1.08642	-0.2836113
-0.4742017	-0.2980962	-1.061792	-0.2281254
-0.4742017	-0.2980962	-1.061792	-0.2281254
-0.462468	-0.2511956	-1.008361	-0.1274457
-0.462468	-0.2511956	-1.008361	-0.1274457
-0.4535977	-0.2238651	-0.9744309	-0.0703323
-0.4535977	-0.2238651	-0.9744309	-0.0703323
-0.4533212	-0.1911384	-0.9710182	-0.00274608
-0.4533212	-0.1911384	-0.9710182	-0.00274608
-0.4536402	-0.1537939	-0.9748647	0.07438407
-0.4536402	-0.1537939	-0.9748647	0.07438407
-0.4559551	-0.1020225	-0.9960234	0.1838511
-0.4559551	-0.1020225	-0.9960234	0.1838511
-0.458688	-0.09627894	-1.006856	0.1962511
-0.458688	-0.09627894	-1.006856	0.1962511
-0.4606748	-0.08754156	-1.016697	0.2152922
-0.4606748	-0.08754156	-1.016697	0.2152922
-0.4522999	-0.04661372	-1.011673	0.3083074
-0.4522999	-0.04661372	-1.011673	0.3083074
-0.4529171	-0.01686073	-1.033065	0.3794651
-0.4529171	-0.01686073	-1.033065	0.3794651
-0.4516184	0.01464174	-1.053366	0.4593779
-0.4516184	0.01464174	-1.053366	0.4593779
-0.449806	0.04790439	-1.077384	0.54961
-0.449806	0.04790439	-1.077384	0.54961
-0.4305956	0.07776682	-1.053612	0.6465893
-0.4305956	0.07776682	-1.053612	0.6465893
-0.4216058	0.08594409	-1.038221	0.6784379
-0.4216058	0.08594409	-1.038221	0.6784379
-0.4062757	0.09908053	-1.013004	0.735158
-0.4062757	0.09908053	-1.013004	0.735158
-0.3790309	0.1222679	-0.9743784	0.8551949
-0.3790309	0.1222679	-0.9743784	0.8551949
-0.3662477	0.1329557	-0.9590231	0.9222702
-0.3662477	0.1329557	-0.9590231	0.9222702
-0.3550973	0.1419123	-0.9082552	0.946755
-0.3550973	0.1419123	-0.9082552	0.946755
-0.3443903	0.1506183	-0.8295969	0.9366194
-0.3443903	0.1506183	-0.8295969	0.9366194
-0.3180355	0.1710691	-0.6614045	0.9165649
-0.3180355	0.1710691	-0.6614045	0.9165649
-0.3061421	0.1800948	-0.5951574	0.9102415
-0.3061421	0.1800948	-0.5951574	0.9102415
-0.3061421	0.1800948	-0.5951574	0.9102415
-0.3061421	0.1800948	-0.5951574	0.9102415
-0.3060942	0.180131	-0.5949014	0.9102196
-0.3060942	0.180131	-0.5949014	0.9102196
-0.3051608	0.1808358	-0.5899221	0.9098001
-0.3051608	0.1808358	-0.5899221	0.9098001
-0.2912636	0.1912743	-0.5191827	0.9048826
-0.2912636	0.1912743	-0.5191827	0.9048826
-0.264472	0.2111169	-0.3981065	0.9025053
-0.264472	0.2111169	-0.3981065	0.9025053
-0.2179053	0.2447672	-0.2207092	0.920417
-0.2179053	0.2447672	-0.2207092	0.920417
-0.1904021	0.2643008	-0.1274024	0.9437585
-0.1904021	0.2643008	-0.1274024	0.9437585
-0.1668552	0.2808375	-0.05066995	0.9706529
-0.1668552	0.2808375	-0.05066995	0.9706529
-0.1402314	0.2993602	0.03496187	1.008089
-0.1402314	0.2993602	0.03496187	1.008089
-0.1369531	0.3016298	0.04551993	1.013179
-0.1369531	0.3016298	0.04551993	1.013179
-0.1368498	0.3017013	0.04585286	1.013339
-0.1368498	0.3017013	0.04585286	1.013339
-0.1365657	0.3018979	0.04676846	1.013787
-0.1365657	0.3018979	0.04676846	1.013787
-0.1265309	0.3088305	0.07919344	1.030018
-0.1265309	0.3088305	0.07919344	1.030018
-0.1223594	0.3116353	0.09273224	1.036887
-0.1223594	0.3116353	0.09273224	1.036887
-0.1222816	0.3116532	0.09298507	1.036945
-0.1222816	0.3116532	0.09298507	1.036945
-0.1211926	0.3119747	0.09652707	1.037923
-0.1211926	0.3119747	0.09652707	1.037923
-0.1186246	0.3136718	0.1048904	1.042198
-0.1186246	0.3136718	0.1048904	1.042198
-0.1057618	0.3223346	0.1470746	1.064816
-0.1057618	0.3223346	0.1470746	1.064816
-0.08790446	0.3344247	0.2066272	1.098632
-0.08790446	0.3344247	0.2066272	1.098632
-0.07582802	0.342389	0.2476869	1.122473
-0.07582802	0.342389	0.2476869	1.122473
-0.07213777	0.3448712	0.2603727	1.130069
-0.07213777	0.3448712	0.2603727	1.130069
-0.05924637	0.3533002	0.3052464	1.156861
-0.05924637	0.3533002	0.3053803	1.149642
-0.05544312	0.355354	0.3188229	1.156904
-0.05544312	0.355354	0.3189085	1.15284
-0.05525947	0.3553004	0.3195665	1.152892
-0.05525947	0.3553004	0.3195665	1.152892
-0.05510206	0.3551932	0.3201335	1.152816
-0.05510206	0.3551932	0.3201335	1.152816
-0.05504959	0.3551932	0.320321	1.152861
-0.05504959	0.3551932	0.320321	1.152861
-0.05494464	0.3551218	0.3206991	1.15281
-0.05494464	0.3551218	0.3206991	1.15281
-0.0548397	0.3550503	0.3210773	1.152759
-0.0548397	0.3550503	0.3210773	1.152759
-0.05468227	0.3549432	0.3216448	1.152684
-0.05468227	0.3549432	0.3216448	1.152684
-0.05447238	0.3548003	0.3224019	1.152584
-0.05447238	0.3548003	0.3224019	1.152584
-0.05439366	0.3547467	0.322686	1.152546
-0.05439366	0.3547467	0.322686	1.152546
-0.05410504	0.3545503	0.3237278	1.152409
-0.05410504	0.3545503	0.3237278	1.152409
-0.05386889	0.3543538	0.3245824	1.152227
-0.05386889	0.3543538	0.3245824	1.152227
-0.05363273	0.3541931	0.325436	1.152116
-0.05363273	0.3541931	0.325436	1.152116
-0.05203194	0.353068	0.3312377	1.151309
-0.05203194	0.353068	0.3312377	1.151309
-0.05048339	0.3519786	0.3368735	1.150553
-0.05048339	0.3519786	0.3368735	1.150553
-0.04465451	0.3471927	0.3583432	1.146592
-0.04465451	0.3471927	0.3583432	1.146592
-0.03204166	0.3340497	0.4063782	1.133942
-0.03204166	0.3340497	0.4063782	1.133942
-0.009999666	0.3104027	0.4962221	1.11532
-0.009999666	0.3104027	0.4962221	1.11532
0.0158934	0.2928184	0.6113016	1.119897
0.0158934	0.2928184	0.6113016	1.119897
0.05562676	0.2656258	0.8170652	1.140633
0.05562676	0.2656258	0.8170652	1.140633
0.08328062	0.2387033	0.9949977	1.152267
0.08328062	0.2387033	0.9949977	1.152267
0.09255063	0.2292415	1.062757	1.157597
0.09255063	0.2292415	1.062757	1.157597
0.104018	0.187971	1.123397	1.052766
0.104018	0.187971	1.123397	1.052766
0.1194549	0.1506365	1.110913	0.8839184
0.1194549	0.1506365	1.110913	0.8839184
0.1387604	0.1342309	1.140373	0.8057719
0.1387604	0.1342309	1.140373	0.8057719
0.1508711	0.1254437	1.162357	0.7667992
0.1508711	0.1254437	1.162357	0.7667992
0.1536478	0.1234727	1.16761	0.7584313
0.1536478	0.1234727	1.16761	0.7584313
0.1536478	0.1234727	1.16761	0.7584313
0.1536478	0.1234727	1.16761	0.7584313
0.1536735	0.1234545	1.167659	0.7583543
0.1536735	0.1234545	1.167659	0.7583543
0.1542388	0.1221401	1.16772	0.7537846
0.1542388	0.1221401	1.16772	0.7537846
0.1559599	0.1166779	1.166362	0.7354586
0.1559599	0.1166779	1.166362	0.7354586
0.1698221	0.09155247	1.178503	0.6521819
0.1698221	0.09155247	1.178503	0.6521819
0.173986	0.03611141	1.140135	0.4988812
0.173986	0.03611141	1.140135	0.4988812
0.1816083	-0.05334643	1.103506	0.2825949
0.1816083	-0.05334643	1.103506	0.2825949
0.1829572	-0.09111072	1.091162	0.1996489
0.1829572	-0.09111072	1.091162	0.1996489
0.1833134	-0.133578	1.080041	0.1099464
0.1833134	-0.133578	1.080041	0.1099464
0.1814046	-0.165627	1.069249	0.04375526
0.1814046	-0.165627	1.069249	0.04375526
0.1755938	-0.187297	1.049685	-0.0006789804
0.1755938	-0.187297	1.049685	-0.0006789804
0.1613996	-0.2087541	1.005071	-0.0446847
0.1613996	-0.2087541	1.005071	-0.0446847
0.1508454	-0.2447484	0.9773646	-0.1192643
0.1508454	-0.2447484	0.9773646	-0.1192643
0.1341112	-0.3126557	0.9518959	-0.2674897
0.1341112	-0.3126557	0.9518959	-0.2674897
0.1160551	-0.352841	0.9232146	-0.3655137
0.1160551	-0.352841	0.9232146	-0.3655137
0.09030634	-0.3961492	0.8861843	-0.4896483
0.09030634	-0.3961492	0.8861843	-0.4896483
0.03214682	-0.4754019	0.8311544	-0.8342055
0.03214682	-0.4754019	0.8311544	-0.8342055
0.0008421051	-0.5063941	0.6090869	-0.8164873
0.0008421051	-0.5063941	0.6090869	-0.8164873
-0.01952383	-0.5257102	0.4950382	-0.8126541
-0.01952383	-0.5257102	0.4950382	-0.8126541
-0.05029964	-0.5552183	0.3524745	-0.8210644
-0.05029964	-0.5552183	0.3524745	-0.8210644
-0.09721886	-0.6016178	0.176699	-0.8670084
-0.09721886	-0.6016178	0.176699	-0.8670084
-0.1203887	-0.6254108	0.09928928	-0.9036976
-0.1203887	-0.6254108	0.09928928	-0.9036976
-0.1600918	-0.6676501	-0.02888295	-0.9852548
-0.1600918	-0.6676501	-0.02888295	-0.9852548
-0.1911125	-0.699756	-0.129498	-1.058446
-0.1911125	-0.699756	-0.129498	-1.058446
-0.2130586	-0.7201006	-0.2023305	-1.110283
-0.2130586	-0.7201006	-0.2023305	-1.110283
-0.2421283	-0.724251	-0.3025983	-1.138983
-0.2421283	-0.724251	-0.3025983	-1.138983
-0.2757641	-0.7269881	-0.4259608	-1.17667
-0.2757641	-0.7269881	-0.4259608	-1.17667
-0.3087478	-0.7222625	-0.5579076	-1.208034
-0.3087478	-0.7222625	-0.5579076	-1.208034
-0.3154453	-0.7139673	-0.5877769	-1.201922
-0.3154453	-0.7139673	-0.5877769	-1.201922
-0.3172992	-0.71156	-0.5962459	-1.200132
-0.3172992	-0.71156	-0.5962459	-1.200132
-0.3171567	-0.7112668	-0.5956994	-1.19939
-0.3171567	-0.7112668	-0.5956994	-1.19939
-0.3207871	-0.7059172	-0.6126757	-1.194861
-0.3207871	-0.7059172	-0.6126757	-1.194861
-0.3264641	-0.6987714	-0.6396049	-1.190376
-0.3264641	-0.6987714	-0.6396049	-1.190376
-0.3337413	-0.6890649	-0.6755626	-1.184306
-0.3337413	-0.6890649	-0.6755626	-1.184306
-0.3525269	-0.664175	-0.7760916	-1.172494
-0.3525269	-0.664175	-0.7760916	-1.172494
-0.3658347	-0.6480988	-0.8542942	-1.169868
-0.3658347	-0.6480988	-0.8542942	-1.169868
-0.3890297	-0.6199723	-1.009099	-1.171073
-0.3890297	-0.6199723	-1.009099	-1.171073
-0.3990141	-0.6031514	-1.089993	-1.166845
-0.3990141	-0.6031514	-1.089993	-1.166845
-0.4057871	-0.5362785	-1.087101	-0.9507815
-0.4057871	-0.5362785	-1.087101	-0.9507815
-0.4052983	-0.4768846	-1.009876	-0.7344728
-0.4052983	-0.4768846	-1.009876	-0.7344728
-0.4023832	-0.39964	-0.9174289	-0.4951394
-0.4023832	-0.39964	-0.9174289	-0.4951394
-0.3962403	-0.2720137	-0.8066581	-0.1784609
-0.3962403	-0.2720137	-0.8066581	-0.1784609
-0.3923146	-0.2210722	-0.7781443	-0.07016158
-0.3923146	-0.2210722	-0.7781443	-0.07016158
-0.3880154	-0.1674683	-0.7622344	0.04000121
-0.3880154	-0.1674683	-0.7622344	0.04000121
-0.3818215	-0.1132346	-0.7565213	0.1541656
-0.3818215	-0.1132346	-0.7565213	0.1541656
-0.3757333	-0.06297529	-0.7651269	0.2693096
-0.3757333	-0.06297529	-0.7651269	0.2693096
-0.3748221	-0.03799069	-0.7809158	0.3315991
-0.3748221	-0.03799069	-0.7809158	0.3315991
-0.3740698	-0.003266488	-0.8092286	0.425145
-0.3740698	-0.003266488	-0.8092286	0.425145
-0.3684253	0.05612306	-0.8576667	0.6117559
-0.3684253	0.05612306	-0.8576667	0.6117559
-0.3656511	0.08064169	-0.8807865	0.7005563
-0.3656511	0.08064169	-0.8807865	0.7005563
-0.3607533	0.1060834	-0.9023371	0.8042902
-0.3607533	0.1060834	-0.9023371	0.8042902
-0.3550047	0.1255167	-0.9160056	0.8951631
-0.3550047	0.1255167	-0.9160056	0.8951631
-0.3527586	0.1284534	-0.9150974	0.9127344
-0.3527586	0.1284534	-0.9150974	0.9127344
-0.3541716	0.1392924	-0.9117275	0.9340777
-0.3541716	0.1392924	-0.9117275	0.9340777
-0.3332479	0.1555561	-0.7620082	0.9137576
-0.3332479	0.1555561	-0.7620082	0.9137576
-0.3033164	0.178504	-0.5841185	0.8943372
-0.3033164	0.178504	-0.5841185	0.8943372
-0.2699802	0.2034994	-0.4232385	0.8864888
-0.2699802	0.2034994	-0.4232385	0.8864888
-0.2533325	0.2157775	-0.3535167	0.8881133
-0.2533325	0.2157775	-0.3535167	0.8881133
-0.2336032	0.2303372	-0.277508	0.8951204
-0.2336032	0.2303372	-0.277508	0.8951204
-0.199242	0.255183	-0.1568977	0.9189871
-0.199242	0.255183	-0.1568977	0.9189871
-0.1835678	0.2662525	-0.1049546	0.9343983
-0.1835678	0.2662525	-0.1049546	0.9343983
-0.1630654	0.2806944	-0.03845564	0.9589183
-0.1630654	0.2806944	-0.03845564	0.9589183
-0.1423981	0.2951422	0.02799058	0.9881442
-0.1423981	0.2951422	0.02799058	0.9881442
-0.122489	0.3088663	0.092323	1.020019
-0.122489	0.3088663	0.092323	1.020019
-0.1204146	0.3102598	0.09907297	1.023483
-0.1204146	0.3102598	0.09907297	1.023483
-0.1173011	0.312332	0.1092262	1.028717
-0.1173011	0.312332	0.1092262	1.028717
-0.1167301	0.312725	0.1110914	1.029713
-0.1167301	0.312725	0.1110914	1.029713
-0.1164445	0.3128501	0.1120246	1.030066
-0.1164445	0.3128501	0.1120246	1.030066
-0.1149645	0.3133681	0.1168659	1.031647
-0.1149645	0.3133681	0.1168659	1.031647
-0.09914752	0.3232276	0.1690588	1.058537
-0.09914752	0.3232276	0.1690588	1.058537
-0.08401231	0.3280137	0.2200258	1.076893
-0.08401231	0.3280137	0.2200258	1.076893
-0.07909779	0.3246563	0.2369313	1.073447
-0.07909779	0.3246563	0.2369313	1.073447
-0.06962412	0.3183695	0.2700417	1.067925
-0.06962412	0.3183695	0.2700417	1.067925
-0.06249745	0.3137611	0.295459	1.064667
-0.06249745	0.3137611	0.295459	1.064667
-0.04100332	0.3010937	0.3752458	1.060675
-0.04100332	0.3010937	0.3752458	1.060675
-0.03275144	0.2975909	0.4072161	1.063104
-0.03275144	0.2975909	0.4072161	1.063104
-0.009499714	0.2984488	0.5003327	1.093656
-0.009499714	0.2984488	0.5003327	1.093656
-0.002342101	0.3001645	0.5299658	1.106591
-0.002342101	0.3001645	0.5299658	1.106591
-0.002210523	0.3000751	0.5305403	1.106609
-0.002210523	0.3000751	0.5305403	1.106609
0.004631546	0.2954282	0.5608615	1.107786
0.004631546	0.2954282	0.5608615	1.107786
0.01039436	0.2915848	0.5870908	1.109306
0.01039436	0.2915848	0.5870908	1.109306
0.01223623	0.2904406	0.5955927	1.11002
0.01223623	0.2904406	0.5955927	1.11002
0.01310451	0.2898506	0.5996389	1.110278
0.01310451	0.2898506	0.5996389	1.110278
0.02736159	0.2801577	0.6684614	1.115682
0.02736159	0.2801577	0.6684614	1.115682
0.04168636	0.2703699	0.7425663	1.123239
0.04168636	0.2703699	0.7425663	1.123239
0.04431308	0.2685083	0.7567756	1.124749
0.04431308	0.2685083	0.7567756	1.124749
0.06684761	0.2520109	0.8875292	1.139861
0.06684761	0.2520109	0.8875292	1.139861
0.08443038	0.2399594	1.000711	1.15663
0.08443038	0.2399594	1.000711	1.15663
0.09359417	0.2334798	1.064462	1.166266
0.09359417	0.2334798	1.064462	1.166266
0.1064383	0.224552	1.159447	1.181352
0.1064383	0.224552	1.159447	1.181352
0.1212963	0.2119628	1.197519	1.118301
0.1212963	0.2119628	1.197519	1.118301
0.1388895	0.181125	1.19871	0.9702193
0.1388895	0.181125	1.19871	0.9702193
0.145491	0.1488019	1.175322	0.8484396
0.145491	0.1488019	1.175322	0.8484396
0.156037	0.1192545	1.169395	0.7434414
0.156037	0.1192545	1.169395	0.7434414
0.178042	0.09856682	1.20857	0.6685414
0.178042	0.09856682	1.20857	0.6685414
0.1863392	0.005671279	1.153811	0.4200134
0.1863392	0.005671279	1.153811	0.4200134
0.1880413	-0.03991536	1.130561	0.3125817
0.1880413	-0.03991536	1.130561	0.3125817
0.1837204	-0.1140373	1.086122	0.1508506
0.1837204	-0.1140373	1.086122	0.1508506
0.1648841	-0.2730879	1.030493	-0.1790935
0.1648841	-0.2730879	1.030493	-0.1790935
0.149662	-0.3433904	1.018123	-0.3376498
0.149662	-0.3433904	1.018123	-0.3376498
0.1281621	-0.3975536	0.9956293	-0.4787427
0.1281621	-0.3975536	0.9956293	-0.4787427
0.09591531	-0.444716	0.953308	-0.6342936
0.09591531	-0.444716	0.953308	-0.6342936
0.06144886	-0.4845146	0.9154472	-0.8171709
0.06144886	-0.4845146	0.9154472	-0.8171709
0.04625645	-0.4986639	0.8936433	-0.8999661
0.04625645	-0.4986639	0.8936433	-0.8999661
0.03414462	-0.5204585	0.7893792	-0.9061594
0.03414462	-0.5204585	0.7893792	-0.9061594
0.0224436	-0.5798113	0.6783615	-0.9791553
0.0224436	-0.5798113	0.6783615	-0.9791553
0.007736688	-0.600614	0.5957579	-0.989295
0.007736688	-0.600614	0.5957579	-0.989295
-0.01370967	-0.6220692	0.492619	-0.9947649
-0.01370967	-0.6220692	0.492619	-0.9947649
-0.04053042	-0.6487052	0.3795074	-1.010531
-0.04053042	-0.6487052	0.3795074	-1.010531
-0.06587821	-0.6723486	0.2840292	-1.031472
-0.06587821	-0.6723486	0.2840292	-1.031472
-0.09007142	-0.6928269	0.1995841	-1.054805
-0.09007142	-0.6928269	0.1995841	-1.054805
-0.1259093	-0.6999878	0.08119731	-1.0542
-0.1259093	-0.6999878	0.08119731	-1.0542
-0.1760785	-0.7075803	-0.08046231	-1.069655
-0.1760785	-0.7075803	-0.08046231	-1.069655
-0.2559696	-0.7170291	-0.3527673	-1.137065
-0.2559696	-0.7170291	-0.3527673	-1.137065
-0.2856525	-0.7188295	-0.4650712	-1.172307
-0.2856525	-0.7188295	-0.4650712	-1.172307
-0.3177268	-0.7186818	-0.5965006	-1.213822
-0.3177268	-0.7186818	-0.5965006	-1.213822
-0.3525501	-0.71244	-0.7551976	-1.256177
-0.3525501	-0.71244	-0.7551976	-1.256177
-0.3911006	-0.6824366	-0.9683388	-1.274786
-0.3911006	-0.6824366	-0.9683388	-1.274786
-0.439404	-0.6182816	-1.280207	-1.221314
-0.439404	-0.6182816	-1.280207	-1.221314
-0.48322	-0.5316067	-1.279547	-0.8466993
-0.48322	-0.5316067	-1.279547	-0.8466993
-0.4822084	-0.4345544	-1.178578	-0.5619792
-0.4822084	-0.4345544	-1.178578	-0.5619792
-0.4809268	-0.3831837	-1.133403	-0.4299702
-0.4809268	-0.3831837	-1.133403	-0.4299702
-0.476968	-0.3364571	-1.09087	-0.3191164
-0.476968	-0.3364571	-1.09087	-0.3191164
-0.4759082	-0.3215269	-1.079387	-0.2851488
-0.4759082	-0.3215269	-1.079387	-0.2851488
-0.4774248	-0.3195589	-1.083081	-0.2806294
-0.4774248	-0.3195589	-1.083081	-0.2806294
-0.4786489	-0.3165138	-1.085346	-0.2737314
-0.4786489	-0.3165138	-1.085346	-0.2737314
-0.4738059	-0.2806884	-1.054463	-0.1952857
-0.4738059	-0.2806884	-1.054463	-0.1952857
-0.4646366	-0.2033341	-1.007928	-0.03355461
-0.4646366	-0.2033341	-1.007928	-0.03355461
-0.4594916	-0.1741856	-0.9911857	0.02619278
-0.4594916	-0.1741856	-0.9911857	0.02619278
-0.4574814	-0.1493992	-0.987385	0.07720124
-0.4574814	-0.1493992	-0.987385	0.07720124
-0.4514692	-0.1347625	-0.9709724	0.1076092
-0.4514692	-0.1347625	-0.9709724	0.1076092
-0.448717	-0.09563722	-0.9743564	0.1906634
-0.448717	-0.09563722	-0.9743564	0.1906634
-0.4439206	-0.0599796	-0.9761211	0.2699354
-0.4439206	-0.0599796	-0.9761211	0.2699354
-0.4386278	-0.02445705	-0.9819724	0.3539141
-0.4386278	-0.02445705	-0.9819724	0.3539141
-0.4327231	0.0560304	-1.032754	0.5682372
-0.4327231	0.0560304	-1.032754	0.5682372
-0.4141099	0.09151571	-1.019611	0.6884328
-0.4141099	0.09151571	-1.019611	0.6884328
-0.3850127	0.1164586	-0.9753317	0.806776
-0.3850127	0.1164586	-0.9753317	0.806776
-0.355213	0.1403296	-0.9172723	0.937936
-0.355213	0.1403296	-0.9172723	0.937936
-0.3114207	0.1747605	-0.6272803	0.9025294
-0.3114207	0.1747605	-0.6272803	0.9025294
-0.2793421	0.1991021	-0.4645677	0.891858
-0.2793421	0.1991021	-0.4645677	0.891858
-0.2466869	0.2230603	-0.3269768	0.8944393
-0.2466869	0.2230603	-0.3269768	0.8944393
-0.2096623	0.2497163	-0.1922551	0.9142475
-0.2096623	0.2497163	-0.1922551	0.9142475
-0.1903767	0.2636382	-0.1273486	0.9317855
-0.1903767	0.2636382	-0.1273486	0.9317855
-0.1727094	0.2760966	-0.06959623	0.9512626
-0.1727094	0.2760966	-0.06959623	0.9512626
-0.1503566	0.2916921	0.002408619	0.980696
-0.1503566	0.2916921	0.002408619	0.980696
-0.1267122	0.3080623	0.07861167	1.017243
-0.1267122	0.3080623	0.07861167	1.017243
-0.1098455	0.3196734	0.1336473	1.04644
-0.1098455	0.3196734	0.1336473	1.04644
-0.1020912	0.3249956	0.1592502	1.06067
-0.1020912	0.3249956	0.1592502	1.06067
-0.09925175	0.3269065	0.1686814	1.065929
-0.09925175	0.3269065	0.1686814	1.065929
-0.08740829	0.3349783	0.2083756	1.088774
-0.08740829	0.3349783	0.2083756	1.088774
-0.07509536	0.3433533	0.2503159	1.113634
-0.07509536	0.3433533	0.2503159	1.113634
-0.06784309	0.3482284	0.275371	1.128675
-0.06784309	0.3482284	0.275371	1.128675
-0.06731918	0.348407	0.2771967	1.129431
-0.06731918	0.348407	0.2771967	1.129431
-0.06619263	0.3490677	0.2811195	1.131613
-0.06619263	0.3490677	0.2811195	1.131613
-0.06572101	0.3489606	0.2827757	1.131766
-0.06572101	0.3489606	0.2827757	1.131766
-0.06519694	0.3486749	0.2846232	1.131608
-0.06519694	0.3486749	0.2846232	1.131608
-0.06488249	0.3484606	0.2857342	1.131429
-0.06488249	0.3484606	0.2857342	1.131429
-0.06467284	0.3483177	0.2864753	1.13131
-0.06467284	0.3483177	0.2864753	1.13131
-0.06454181	0.3482284	0.2869387	1.131236
-0.06454181	0.3482284	0.2869387	1.131236
-0.06425353	0.3479963	0.2879599	1.131004
-0.06425353	0.3479963	0.2879599	1.131004
-0.06417491	0.3479427	0.2882383	1.13096
-0.06417491	0.3479427	0.2882383	1.13096
-0.06388663	0.3477463	0.2892592	1.130799
-0.06388663	0.3477463	0.2892592	1.130799
-0.06341486	0.3473891	0.2909328	1.130467
-0.06341486	0.3473891	0.2909328	1.130467
-0.06265473	0.3464426	0.2936462	1.129201
-0.06265473	0.3464426	0.2936462	1.129201
-0.05518077	0.3409247	0.320478	1.124606
-0.05518077	0.3409247	0.320478	1.124606
-0.04389284	0.3326032	0.3620635	1.118849
-0.04389284	0.3326032	0.3620635	1.118849
-0.01286771	0.3043817	0.4854702	1.100309
-0.01286771	0.3043817	0.4854702	1.100309
0.001763156	0.2876156	0.5502779	1.089343
0.001763156	0.2876156	0.5502779	1.089343
0.02391649	0.2588739	0.66037	1.072664
0.02391649	0.2588739	0.66037	1.072664
0.07362981	0.2066157	0.9692625	1.08242
0.07362981	0.2066157	0.9692625	1.08242
0.08364648	0.1606348	1.037347	0.9794593
0.08364648	0.1606348	1.037347	0.9794593
0.1051372	0.1378181	1.058594	0.8555856
0.1051372	0.1378181	1.058594	0.8555856
0.1211408	0.1001812	1.054162	0.7089908
0.1211408	0.1001812	1.054162	0.7089908
0.145053	0.07817237	1.095695	0.625502
0.145053	0.07817237	1.095695	0.625502
0.1534165	0.07214043	1.113165	0.6039622
0.1534165	0.07214043	1.113165	0.6039622
0.1616559	0.06221567	1.127149	0.5726314
0.1616559	0.06221567	1.127149	0.5726314
0.1607073	0.006648287	1.077528	0.426641
0.1607073	0.006648287	1.077528	0.426641
0.1637316	-0.01453432	1.071486	0.374204
0.1637316	-0.01453432	1.071486	0.374204
0.1656522	-0.0373621	1.062896	0.3201082
0.1656522	-0.0373621	1.062896	0.3201082
0.1657546	-0.1068022	1.031234	0.1663633
0.1657546	-0.1068022	1.031234	0.1663633
0.1651401	-0.1481082	1.019211	0.07985543
0.1651401	-0.1481082	1.019211	0.07985543
0.1650889	-0.1711754	1.016448	0.03236749
0.1650889	-0.1711754	1.016448	0.03236749
0.1597584	-0.2047998	0.9994738	-0.03656341
0.1597584	-0.2047998	0.9994738	-0.03656341
0.1430942	-0.2551368	0.9555268	-0.1411865
0.1430942	-0.2551368	0.9555268	-0.1411865
0.1367981	-0.2822545	0.9454117	-0.1995299
0.1367981	-0.2822545	0.9454117	-0.1995299
0.1275925	-0.3211591	0.9367144	-0.287605
0.1275925	-0.3211591	0.9367144	-0.287605
0.1080252	-0.3654299	0.9093372	-0.3993455
0.1080252	-0.3654299	0.9093372	-0.3993455
0.06875985	-0.4085615	0.8397407	-0.5396863
0.06875985	-0.4085615	0.8397407	-0.5396863
0.05263555	-0.4525018	0.8511765	-0.7073849
0.05263555	-0.4525018	0.8511765	-0.7073849
0.0309112	-0.4916796	0.8013362	-0.8554344
0.0309112	-0.4916796	0.8013362	-0.8554344
-0.02165451	-0.5429289	0.478814	-0.8395697
-0.02165451	-0.5429289	0.478814	-0.8395697
-0.05134956	-0.5716951	0.3460022	-0.8509123
-0.05134956	-0.5716951	0.3460022	-0.8509123
-0.08975817	-0.6101586	0.2021403	-0.8891663
-0.08975817	-0.6101586	0.2021403	-0.8891663
-0.1569613	-0.6794509	-0.01881551	-1.009184
-0.1569613	-0.6794509	-0.01881551	-1.009184
-0.2488387	-0.721255	-0.3266779	-1.138807
-0.2488387	-0.721255	-0.3266779	-1.138807
-0.2966635	-0.7236866	-0.508213	-1.19496
-0.2966635	-0.7236866	-0.508213	-1.19496
-0.3313196	-0.7224997	-0.6547052	-1.24062
-0.3313196	-0.7224997	-0.6547052	-1.24062
-0.4000861	-0.6667522	-1.0314	-1.26737
-0.4000861	-0.6667522	-1.0314	-1.26737
-0.4403519	-0.6149612	-1.277734	-1.205607
-0.4403519	-0.6149612	-1.277734	-1.205607
-0.4746807	-0.5623546	-1.293203	-0.9566799
-0.4746807	-0.5623546	-1.293203	-0.9566799
-0.4797885	-0.5067121	-1.242741	-0.7709085
-0.4797885	-0.5067121	-1.242741	-0.7709085
-0.4804717	-0.4419121	-1.180138	-0.5825011
-0.4804717	-0.4419121	-1.180138	-0.5825011
-0.4788562	-0.4174667	-1.154103	-0.5175682
-0.4788562	-0.4174667	-1.154103	-0.5175682
-0.4737017	-0.3808051	-1.109976	-0.4252951
-0.4737017	-0.3808051	-1.109976	-0.4252951
-0.4649941	-0.3111277	-1.040107	-0.2623526
-0.4649941	-0.3111277	-1.040107	-0.2623526
-0.4608226	-0.2656229	-1.008081	-0.1632535
-0.4608226	-0.2656229	-1.008081	-0.1632535
-0.4565277	-0.2131656	-0.9827838	-0.05375913
-0.4565277	-0.2131656	-0.9827838	-0.05375913
-0.4519592	-0.1468973	-0.9701176	0.08238795
-0.4519592	-0.1468973	-0.9701176	0.08238795
-0.4410408	-0.02168918	-0.9911926	0.3602977
-0.4410408	-0.02168918	-0.9911926	0.3602977
-0.4380237	0.01602839	-1.011337	0.4562623
-0.4380237	0.01602839	-1.011337	0.4562623
-0.4345651	0.06138289	-1.043247	0.5828427
-0.4345651	0.06138289	-1.043247	0.5828427
-0.3893901	0.112399	-0.9809881	0.7858908
-0.3893901	0.112399	-0.9809881	0.7858908
-0.3583322	0.1377271	-0.9411947	0.9403737
-0.3583322	0.1377271	-0.9411947	0.9403737
-0.3282574	0.1614687	-0.7279592	0.9130124
-0.3282574	0.1614687	-0.7279592	0.9130124
-0.2904183	0.1903538	-0.5172259	0.8932917
-0.2904183	0.1903538	-0.5172259	0.8932917
-0.2349726	0.2310017	-0.2824875	0.8977317
-0.2349726	0.2310017	-0.2824875	0.8977317
-0.212254	0.2474393	-0.2011971	0.9114408
-0.212254	0.2474393	-0.2011971	0.9114408
-0.1807172	0.2701193	-0.09562926	0.9413016
-0.1807172	0.2701193	-0.09562926	0.9413016
-0.1378569	0.3003253	0.04260894	0.9992746
-0.1378569	0.3003253	0.04260894	0.9992746
-0.1269193	0.3080266	0.07794021	1.01712
-0.1269193	0.3080266	0.07794021	1.01712
-0.1199218	0.3128858	0.1006739	1.028992
-0.1199218	0.3128858	0.1006739	1.028992
-0.1172233	0.3147078	0.1094748	1.033584
-0.1172233	0.3147078	0.1094748	1.033584
-0.1170416	0.3147257	0.1100684	1.033683
-0.1170416	0.3147257	0.1100684	1.033683
-0.116133	0.3152794	0.1130369	1.035123
-0.116133	0.3152794	0.1130369	1.035123
-0.1134061	0.3171192	0.1219608	1.039855
-0.1134061	0.3171192	0.1219608	1.039855
-0.08202606	0.3385498	0.2266212	1.099322
-0.08202606	0.3385498	0.2266212	1.099322
-0.07389154	0.3439962	0.2544602	1.115772
-0.07389154	0.3439962	0.2544602	1.115772
-0.06425353	0.3504964	0.2878786	1.135968
-0.06425353	0.3504964	0.2878786	1.135968
-0.05887923	0.3539431	0.3067349	1.147153
-0.05887923	0.3539431	0.3067349	1.147153
-0.05811869	0.3537109	0.3094442	1.147328
-0.05811869	0.3537109	0.3094442	1.147328
-0.05785641	0.3536395	0.3103793	1.147406
-0.05785641	0.3536395	0.3103793	1.147406
-0.05746298	0.3533716	0.3117892	1.147207
-0.05746298	0.3533716	0.3117892	1.147207
-0.05701708	0.353068	0.313389	1.146984
-0.05701708	0.353068	0.313389	1.146984
-0.05683346	0.3529073	0.3140497	1.146822
-0.05683346	0.3529073	0.3140497	1.146822
-0.05664985	0.3527822	0.3147092	1.146731
-0.05664985	0.3527822	0.3147092	1.146731
-0.05641376	0.3526215	0.3155577	1.146615
-0.05641376	0.3526215	0.3155577	1.146615
-0.05528571	0.3513893	0.3196389	1.145149
-0.05528571	0.3513893	0.3196389	1.145149
-0.04475956	0.3419069	0.3582774	1.136159
-0.04475956	0.3419069	0.3582774	1.136159
-0.02867635	0.3289781	0.4197201	1.127891
-0.02867635	0.3289781	0.4197201	1.127891
0.004315763	0.3065794	0.5569452	1.127767
0.004315763	0.3065794	0.5569452	1.127767
0.01499888	0.2993245	0.605441	1.130256
0.01499888	0.2993245	0.605441	1.130256
0.03364519	0.2866143	0.6958829	1.137455
0.03364519	0.2866143	0.6958829	1.137455
0.04210668	0.2808912	0.7396106	1.142017
0.04210668	0.2808912	0.7396106	1.142017
0.04402417	0.2795495	0.749795	1.143078
0.04402417	0.2795495	0.749795	1.143078
0.05106084	0.2747546	0.7879518	1.147521
0.05106084	0.2747546	0.7879518	1.147521
0.06420112	0.2652498	0.8633405	1.156275
0.06420112	0.2652498	0.8633405	1.156275
0.07891472	0.2309299	0.9763089	1.131045
0.07891472	0.2309299	0.9763089	1.131045
0.08649419	0.2118728	1.044727	1.118266
0.08649419	0.2118728	1.044727	1.118266
0.0875911	0.2111169	1.052747	1.119546
0.0875911	0.2111169	1.052747	1.119546
0.09701031	0.2039318	1.12482	1.130011
0.09701031	0.2039318	1.12482	1.130011
0.1197143	0.1820828	1.15276	1.001689
0.1197143	0.1820828	1.15276	1.001689
0.1209852	0.1627738	1.130362	0.9264883
0.1209852	0.1627738	1.130362	0.9264883
0.1279032	0.1326277	1.110125	0.810855
0.1279032	0.1326277	1.110125	0.810855
0.1457228	0.08211523	1.101585	0.6367761
0.1457228	0.08211523	1.101585	0.6367761
0.1497391	0.04229152	1.074693	0.5222236
0.1497391	0.04229152	1.074693	0.5222236
0.1537249	0.003302741	1.054147	0.4195668
0.1537249	0.003302741	1.054147	0.4195668
0.1529281	-0.05217857	1.015144	0.2869758
0.1529281	-0.05217857	1.015144	0.2869758
0.1420886	-0.1242604	0.9507527	0.1296604
0.1420886	-0.1242604	0.9507527	0.1296604
0.1329997	-0.1564028	0.9149753	0.06276457
0.1329997	-0.1564028	0.9149753	0.06276457
0.1252618	-0.1811043	0.8880495	0.0120098
0.1252618	-0.1811043	0.8880495	0.0120098
0.1209592	-0.2309054	0.8787677	-0.09050063
0.1209592	-0.2309054	0.8787677	-0.09050063
0.1205443	-0.2565567	0.88438	-0.1444691
0.1205443	-0.2565567	0.88438	-0.1444691
0.1190398	-0.2915941	0.8940561	-0.2208051
0.1190398	-0.2915941	0.8940561	-0.2208051
0.1155618	-0.3294432	0.9051638	-0.3083866
0.1155618	-0.3294432	0.9051638	-0.3083866
0.09408978	-0.367808	0.8705909	-0.4094431
0.09408978	-0.367808	0.8705909	-0.4094431
0.07263515	-0.3859482	0.8264315	-0.4686711
0.07263515	-0.3859482	0.8264315	-0.4686711
0.06621883	-0.3907921	0.8136118	-0.4865872
0.06621883	-0.3907921	0.8136118	-0.4865872
0.04496966	-0.409178	0.7772774	-0.5617105
0.04496966	-0.409178	0.7772774	-0.5617105
0.02252251	-0.4289446	0.7463271	-0.6632509
0.02252251	-0.4289446	0.7463271	-0.6632509
-0.007499859	-0.4557741	0.6019365	-0.7184765
-0.007499859	-0.4557741	0.6019365	-0.7184765
-0.05281925	-0.4977403	0.3525031	-0.7107306
-0.05281925	-0.4977403	0.3525031	-0.7107306
-0.1032369	-0.5585774	0.1569107	-0.7767426
-0.1032369	-0.5585774	0.1569107	-0.7767426
-0.1297408	-0.5848277	0.06889011	-0.8180301
-0.1297408	-0.5848277	0.06889011	-0.8180301
-0.1572437	-0.6128509	-0.01972455	-0.8727812
-0.1572437	-0.6128509	-0.01972455	-0.8727812
-0.2054038	-0.6617996	-0.1772404	-0.9883648
-0.2054038	-0.6617996	-0.1772404	-0.9883648
-0.2276674	-0.6857167	-0.2530176	-1.051039
-0.2276674	-0.6857167	-0.2530176	-1.051039
-0.2691734	-0.7006546	-0.4032387	-1.118732
-0.2691734	-0.7006546	-0.4032387	-1.118732
-0.3248106	-0.6785994	-0.6380572	-1.151551
-0.3248106	-0.6785994	-0.6380572	-1.151551
-0.4030959	-0.5843329	-1.141852	-1.148185
-0.4030959	-0.5843329	-1.141852	-1.148185
-0.4623415	-0.5117856	-1.201198	-0.7993945
-0.4623415	-0.5117856	-1.201198	-0.7993945
-0.4765318	-0.4708204	-1.196443	-0.6654715
-0.4765318	-0.4708204	-1.196443	-0.6654715
-0.4675977	-0.4482284	-1.149164	-0.6049094
-0.4675977	-0.4482284	-1.149164	-0.6049094
-0.467325	-0.4478768	-1.148053	-0.6040314
-0.467325	-0.4478768	-1.148053	-0.6040314
-0.458963	-0.4374372	-1.114335	-0.5781204
-0.458963	-0.4374372	-1.114335	-0.5781204
-0.4540654	-0.401502	-1.068044	-0.4822792
-0.4540654	-0.401502	-1.068044	-0.4822792
-0.4404165	-0.3406968	-0.9814632	-0.3325562
-0.4404165	-0.3406968	-0.9814632	-0.3325562
-0.4202467	-0.3109341	-0.9012744	-0.2647172
-0.4202467	-0.3109341	-0.9012744	-0.2647172
-0.3874064	-0.279335	-0.7824612	-0.1950381
-0.3874064	-0.279335	-0.7824612	-0.1950381
-0.3220426	-0.2172175	-0.5527035	-0.06237399
-0.3220426	-0.2172175	-0.5527035	-0.06237399
-0.3065248	-0.1846927	-0.4993803	0.004656827
-0.3065248	-0.1846927	-0.4993803	0.004656827
-0.2950502	-0.1398624	-0.4724521	0.0985842
-0.2950502	-0.1398624	-0.4724521	0.0985842
-0.2794879	-0.1073295	-0.4435859	0.1754597
-0.2794879	-0.1073295	-0.4435859	0.1754597
-0.2520743	-0.08591373	-0.3848448	0.2456058
-0.2520743	-0.08591373	-0.3848448	0.2456058
-0.2337776	-0.07173087	-0.3553811	0.3158751
-0.2337776	-0.07173087	-0.3553811	0.3158751
-0.2236677	-0.06393611	-0.3175726	0.3433517
-0.2236677	-0.06393611	-0.3175726	0.3433517
-0.1993432	-0.04525756	-0.1756847	0.3291104
-0.1993432	-0.04525756	-0.1756847	0.3291104
-0.1465986	-0.008093482	0.01449443	0.3667617
-0.1465986	-0.008093482	0.01449443	0.3667617
-0.08147712	0.0098967	0.2558281	0.4612245
-0.08147712	0.0098967	0.2558281	0.4612245
-0.06459422	0.006310123	0.3396077	0.4838056
-0.06459422	0.006310123	0.3396077	0.4838056
-0.07389154	0.01312329	0.2899838	0.4791694
-0.07389154	0.01312329	0.2899838	0.4791694
-0.074729	0.01383573	0.2857407	0.4790349
-0.074729	0.01383573	0.2857407	0.4790349
-0.07462433	0.01379824	0.2862493	0.4791413
-0.07462433	0.01379824	0.2862493	0.4791413
-0.06996457	0.01709611	0.3072424	0.4927097
-0.06996457	0.01709611	0.3072424	0.4927097
-0.06420112	0.02132632	0.3336851	0.5099837
-0.06420112	0.02132632	0.3336851	0.5099837
-0.06155372	0.02325257	0.3460328	0.517967
-0.06155372	0.02325257	0.3460328	0.517967
-0.05646623	0.02732606	0.3698868	0.5340622
-0.05646623	0.02732606	0.3698868	0.5340622
-0.0522419	0.03178666	0.3893428	0.5493353
-0.0522419	0.03178666	0.3893428	0.5493353
-0.05397384	0.03678204	0.3775431	0.5545661
-0.05397384	0.03678204	0.3775431	0.5545661
-0.05405256	0.04498748	0.3729714	0.5684028
-0.05405256	0.04498748	0.3729714	0.5684028
-0.05544312	0.04667845	0.3652709	0.5688762
-0.05544312	0.04667845	0.3652709	0.5688762
-0.05638753	0.0473472	0.3603303	0.5683991
-0.05638753	0.0473472	0.3603303	0.5683991
-0.0568597	0.04768153	0.3578775	0.5681678
-0.0568597	0.04768153	0.3578775	0.5681678
-0.06134399	0.05085621	0.33514	0.566209
-0.06134399	0.05085621	0.33514	0.566209
-0.06351969	0.05647517	0.3231189	0.5726783
-0.06351969	0.05647517	0.3231189	0.5726783
-0.06773831	0.06053142	0.3029365	0.5734757
-0.06773831	0.06053142	0.3029365	0.5734757
-0.06852412	0.0610127	0.2993414	0.5731747
-0.06852412	0.0610127	0.2993414	0.5731747
-0.07428411	0.06523077	0.2735459	0.5726312
-0.07428411	0.06523077	0.2735459	0.5726312
-0.07457199	0.0653602	0.2723056	0.5724727
-0.07457199	0.0653602	0.2723056	0.5724727
-0.07548787	0.0660073	0.2683317	0.5724149
-0.07548787	0.0660073	0.2683317	0.5724149
-0.08077126	0.06970305	0.2459694	0.5723675
-0.08077126	0.06970305	0.2459694	0.5723675
-0.08252269	0.070608	0.2387981	0.5718796
-0.08252269	0.070608	0.2387981	0.5718796
-0.08458716	0.0720666	0.2304056	0.5721275
-0.08458716	0.0720666	0.2304056	0.5721275
-0.0879828	0.07450259	0.2168641	0.5728069
-0.0879828	0.07450259	0.2168641	0.5728069
-0.08824392	0.07468708	0.2158363	0.572864
-0.08824392	0.07468708	0.2158363	0.572864
-0.08824392	0.07468708	0.2158363	0.572864
-0.08824392	0.07468708	0.2158363	0.572864
-0.0881917	0.07465018	0.2160417	0.5728526
-0.0881917	0.07465018	0.2160417	0.5728526
-0.08806113	0.07459483	0.2165518	0.5728947
-0.08806113	0.07459483	0.2165518	0.5728947
-0.0875911	0.07429965	0.2184015	0.5728651
-0.0875911	0.07429965	0.2184015	0.5728651
-0.08735606	0.07413359	0.2193307	0.5728169
-0.08735606	0.07413359	0.2193307	0.5728169
-0.08727771	0.07407824	0.2196407	0.5728011
-0.08727771	0.07407824	0.2196407	0.5728011
-0.08735606	0.07405978	0.2193386	0.5726757
-0.08735606	0.07405978	0.2193386	0.5726757
-0.08738218	0.07404134	0.2192392	0.5726104
-0.08738218	0.07404134	0.2192392	0.5726104
-0.0874344	0.07400443	0.2190405	0.5724798
-0.0874344	0.07400443	0.2190405	0.5724798
-0.08751275	0.07394908	0.2187425	0.5722839
-0.08751275	0.07394908	0.2187425	0.5722839
-0.08756498	0.07391217	0.218544	0.5721533
-0.08756498	0.07391217	0.218544	0.5721533
-0.0875911	0.07389373	0.2184447	0.5720882
-0.0875911	0.07389373	0.2184447	0.5720882
-0.08753887	0.07385682	0.2186511	0.5720775
-0.08753887	0.07385682	0.2186511	0.5720775
-0.08712102	0.07356158	0.2203055	0.5719936
-0.08712102	0.07356158	0.2203055	0.5719936
-0.08685984	0.07337704	0.221342	0.5719432
-0.08685984	0.07337704	0.221342	0.5719432
-0.0861285	0.07286029	0.2242545	0.5718098
-0.0861285	0.07286029	0.2242545	0.5718098
-0.08594565	0.0727311	0.2249851	0.571778
-0.08594565	0.0727311	0.2249851	0.571778
-0.08557993	0.07247269	0.226449	0.5717171
-0.08557993	0.07247269	0.226449	0.5717171
-0.08552769	0.07243577	0.2266584	0.5717086
-0.08552769	0.07243577	0.2266584	0.5717086
-0.08550156	0.07241732	0.2267632	0.5717044
-0.08550156	0.07241732	0.2267632	0.5717044
-0.08547544	0.07239886	0.226868	0.5717003
-0.08547544	0.07239886	0.226868	0.5717003
-0.08555381	0.07219581	0.2265844	0.5712206
-0.08555381	0.07219581	0.2265844	0.5712206
-0.08607626	0.07153122	0.2246133	0.569337
-0.08607626	0.07153122	0.2246133	0.569337
-0.08952323	0.06458355	0.2119472	0.5520546
-0.08952323	0.06458355	0.2119472	0.5520546
-0.09278544	0.0558636	0.2002349	0.53163
-0.09278544	0.0558636	0.2002349	0.53163
-0.09299416	0.05578946	0.1994372	0.531252
-0.09299416	0.05578946	0.1994372	0.531252
-0.09893905	0.05145001	0.1772061	0.516426
-0.09893905	0.05145001	0.1772061	0.516426
-0.09492438	0.04736577	0.1928495	0.5129148
-0.09492438	0.04736577	0.1928495	0.5129148
-0.09362026	0.04636261	0.198009	0.5124866
-0.09362026	0.04636261	0.198009	0.5124866
-0.09260281	0.04567511	0.2020604	0.5123634
-0.09260281	0.04567511	0.2020604	0.5123634
-0.08638971	0.04128702	0.227562	0.511791
-0.08638971	0.04128702	0.227562	0.511791
-0.08537094	0.04104515	0.2317905	0.512678
-0.08537094	0.04104515	0.2317905	0.512678
-0.08267951	0.04322138	0.2425708	0.5203384
-0.08267951	0.04322138	0.2425708	0.5203384
-0.08074512	0.0454521	0.2502537	0.5271197
-0.08074512	0.0454521	0.2502537	0.5271197
-0.07765929	0.04853579	0.2626973	0.5371157
-0.07765929	0.04853579	0.2626973	0.5371157
-0.07713612	0.0522478	0.2641357	0.5446891
-0.07713612	0.0522478	0.2641357	0.5446891
-0.07436263	0.05443622	0.2755215	0.552645
-0.07436263	0.05443622	0.2755215	0.552645
-0.07328955	0.05623426	0.2797357	0.5574819
-0.07328955	0.05623426	0.2797357	0.5574819
-0.07171889	0.05727193	0.2862974	0.5616568
-0.07171889	0.05727193	0.2862974	0.5616568
-0.07085487	0.05784624	0.2899232	0.5639691
-0.07085487	0.05784624	0.2899232	0.5639691
-0.06663803	0.06090164	0.3077206	0.5758042
-0.06663803	0.06090164	0.3077206	0.5758042
-0.06676903	0.06103121	0.3071021	0.5758402
-0.06676903	0.06103121	0.3071021	0.5758402
-0.06655943	0.06114227	0.3080042	0.576358
-0.06655943	0.06114227	0.3080042	0.576358
-0.06642843	0.06123482	0.3085621	0.5767239
-0.06642843	0.06123482	0.3085621	0.5767239
-0.06629743	0.06132736	0.3091201	0.5770895
-0.06629743	0.06132736	0.3091201	0.5770895
-0.06627123	0.06134587	0.3092318	0.5771628
-0.06627123	0.06134587	0.3092318	0.5771628
-0.06627123	0.06134587	0.3092318	0.5771628
-0.06627123	0.06134587	0.3092318	0.5771628
-0.06627123	0.06134587	0.3092318	0.5771628
-0.06627123	0.06134587	0.3092318	0.5771628
-0.06627123	0.06134587	0.3092318	0.5771628
-0.06627123	0.06134587	0.3092318	0.5771628
-0.06629743	0.06136438	0.3091099	0.5771565
-0.06629743	0.06136438	0.3091099	0.5771565
-0.06629743	0.06136438	0.3091099	0.5771565
-0.06629743	0.06136438	0.3091099	0.5771565
-0.06634983	0.06140139	0.3088661	0.5771438
-0.06634983	0.06140139	0.3088661	0.5771438
-0.06658563	0.06153095	0.3077807	0.5770209
-0.06658563	0.06153095	0.3077807	0.5770209
-0.06747635	0.06216016	0.3036622	0.57682
-0.06747635	0.06216016	0.3036622	0.57682
-0.07106434	0.06476848	0.2873725	0.5763183
-0.07106434	0.06476848	0.2873725	0.5763183
-0.07119525	0.06482396	0.2867966	0.5762324
-0.07119525	0.06482396	0.2867966	0.5762324
-0.07182361	0.06526775	0.2840007	0.5761511
-0.07182361	0.06526775	0.2840007	0.5761511
-0.07208541	0.06545265	0.2828402	0.5761198
-0.07208541	0.06545265	0.2828402	0.5761198
-0.07211158	0.06547114	0.2827243	0.5761167
-0.07211158	0.06547114	0.2827243	0.5761167
-0.07211158	0.06547114	0.2827243	0.5761167
-0.07211158	0.06547114	0.2827243	0.5761167
-0.07211158	0.06547114	0.2827243	0.5761167
-0.07211158	0.06547114	0.2827243	0.5761167
-0.07211158	0.06547114	0.2827243	0.5761167
-0.07211158	0.06547114	0.2827243	0.5761167
-0.07211158	0.06547114	0.2827243	0.5761167
-0.07211158	0.06547114	0.2827243	0.5761167
-0.07211158	0.06547114	0.2827243	0.5761167
-0.07211158	0.06547114	0.2827243	0.5761167
-0.07208541	0.06545265	0.2828402	0.5761198
-0.07208541	0.06545265	0.2828402	0.5761198
-0.07208541	0.06545265	0.2828402	0.5761198
-0.07208541	0.06545265	0.2828402	0.5761198
-0.07208541	0.06545265	0.2828402	0.5761198
-0.07208541	0.06545265	0.2828402	0.5761198
-0.07208541	0.06545265	0.2828402	0.5761198
-0.07208541	0.06545265	0.2828402	0.5761198
-0.07205923	0.06543416	0.2829562	0.5761228
-0.07205923	0.06543416	0.2829562	0.5761228
-0.07205923	0.06543416	0.2829562	0.5761228
-0.07205923	0.06543416	0.2829562	0.5761228
-0.07205923	0.06543416	0.2829562	0.5761228
-0.07205923	0.06543416	0.2829562	0.5761228
-0.07203305	0.06541567	0.2830721	0.5761258
-0.07203305	0.06541567	0.2830721	0.5761258
-0.07177125	0.06519379	0.2842413	0.5760896
-0.07177125	0.06519379	0.2842413	0.5760896
-0.0692051	0.06319629	0.2958048	0.5761412
-0.0692051	0.06319629	0.2958048	0.5761412
-0.06016415	0.05662342	0.3385938	0.5783146
-0.06016415	0.05662342	0.3385938	0.5783146
-0.05373769	0.05126446	0.3715912	0.5797433
-0.05373769	0.05126446	0.3715912	0.5797433
-0.05129706	0.04827582	0.3851866	0.5789045
-0.05129706	0.04827582	0.3851866	0.5789045
-0.05127082	0.04814582	0.3853844	0.5787295
-0.05127082	0.04814582	0.3853844	0.5787295
-0.04974839	0.04699426	0.3937118	0.5795019
-0.04974839	0.04699426	0.3937118	0.5795019
-0.04977464	0.04701284	0.3935678	0.5794861
-0.04977464	0.04701284	0.3935678	0.5794861
-0.04982714	0.04708714	0.3932602	0.5795172
-0.04982714	0.04708714	0.3932602	0.5795172
-0.05003715	0.04738434	0.3920321	0.579643
-0.05003715	0.04738434	0.3920321	0.579643
-0.05192696	0.04875861	0.3817782	0.5786112
-0.05192696	0.04875861	0.3817782	0.5786112
-0.05318663	0.04968689	0.3750454	0.5779867
-0.05318663	0.04968689	0.3750454	0.5779867
-0.05318663	0.04976115	0.3750106	0.5781142
-0.05318663	0.04976115	0.3750106	0.5781142
-0.05308167	0.04987253	0.3754794	0.5784892
-0.05308167	0.04987253	0.3754794	0.5784892
-0.05287173	0.0499839	0.3764701	0.579048
-0.05287173	0.0499839	0.3764701	0.579048
-0.05260931	0.05013239	0.3777051	0.5797629
-0.05260931	0.05013239	0.3777051	0.5797629
-0.05221565	0.05037368	0.3795512	0.5808681
-0.05221565	0.05037368	0.3795512	0.5808681
-0.05129706	0.05102323	0.3838275	0.5835992
-0.05129706	0.05102323	0.3838275	0.5835992
-0.05113958	0.05109746	0.3845801	0.5840043
-0.05113958	0.05109746	0.3845801	0.5840043
-0.05108709	0.05109746	0.3848432	0.5840971
-0.05108709	0.05109746	0.3848432	0.5840971
-0.05111334	0.05111601	0.3847026	0.5840825
-0.05111334	0.05111601	0.3847026	0.5840825
-0.05111334	0.05111601	0.3847026	0.5840825
-0.05111334	0.05111601	0.3847026	0.5840825
-0.05113958	0.05109746	0.3845801	0.5840043
-0.05113958	0.05109746	0.3845801	0.5840043
-0.05113958	0.05109746	0.3845801	0.5840043
-0.05113958	0.05109746	0.3845801	0.5840043
-0.05113958	0.05109746	0.3845801	0.5840043
-0.05113958	0.05109746	0.3845801	0.5840043
-0.05113958	0.05109746	0.3845801	0.5840043
-0.05113958	0.05109746	0.3845801	0.5840043
-0.05119208	0.05109746	0.3843171	0.5839117
-0.05119208	0.05109746	0.3843171	0.5839117
-0.05121832	0.05111601	0.3841766	0.583897
-0.05121832	0.05111601	0.3841766	0.583897
-0.05124457	0.05109746	0.3840542	0.583819
-0.05124457	0.05109746	0.3840542	0.583819
-0.05129706	0.05109746	0.3837914	0.5837262
-0.05129706	0.05109746	0.3837914	0.5837262
-0.05134956	0.05109746	0.3835287	0.5836336
-0.05134956	0.05109746	0.3835287	0.5836336
-0.0513758	0.05111601	0.3833883	0.5836191
-0.0513758	0.05111601	0.3833883	0.5836191
-0.05140205	0.05113457	0.383248	0.5836046
-0.05140205	0.05113457	0.383248	0.5836046
-0.05148079	0.05119024	0.3828273	0.5835611
-0.05148079	0.05119024	0.3828273	0.5835611
-0.05150703	0.05120879	0.3826872	0.5835466
-0.05150703	0.05120879	0.3826872	0.5835466
-0.05150703	0.05120879	0.3826872	0.5835466
-0.05150703	0.05120879	0.3826872	0.5835466
-0.05150703	0.05120879	0.3826872	0.5835466
-0.05150703	0.05120879	0.3826872	0.5835466
-0.05148079	0.05122735	0.3828094	0.5836247
-0.05148079	0.05122735	0.3828094	0.5836247
-0.05145454	0.05120879	0.3829496	0.5836391
-0.05145454	0.05120879	0.3829496	0.5836391
-0.05145454	0.05120879	0.3829496	0.5836391
-0.05145454	0.05120879	0.3829496	0.5836391
-0.05145454	0.05120879	0.3829496	0.5836391
-0.05145454	0.05120879	0.3829496	0.5836391
-0.05148079	0.05122735	0.3828094	0.5836247
-0.05148079	0.05122735	0.3828094	0.5836247
-0.05150703	0.05124591	0.3826693	0.5836102
-0.05150703	0.05124591	0.3826693	0.5836102
-0.05153328	0.05126446	0.3825291	0.5835958
-0.05153328	0.05126446	0.3825291	0.5835958
-0.05161202	0.05132013	0.3821091	0.5835525
-0.05161202	0.05132013	0.3821091	0.5835525
-0.05166451	0.05135724	0.3818292	0.5835238
-0.05166451	0.05135724	0.3818292	0.5835238
-0.05166451	0.05135724	0.3818292	0.5835238
-0.05166451	0.05135724	0.3818292	0.5835238
-0.05166451	0.05135724	0.3818292	0.5835238
-0.05166451	0.05135724	0.3818292	0.5835238
-0.05163826	0.0513758	0.3819513	0.5836018
-0.05163826	0.0513758	0.3819513	0.5836018
-0.05163826	0.0513758	0.3819513	0.5836018
-0.05163826	0.0513758	0.3819513	0.5836018
-0.05163826	0.0513758	0.3819513	0.5836018
-0.05163826	0.0513758	0.3819513	0.5836018
