Horizoltal	Vertical	H_Elipse	V_Elipse
0	0	0	0
0	0	0	0
-0.1163407	-0.3255782	-1.372725	-3.841558
-0.1163407	-0.3255782	-1.571349	-1.571349
0	0	0.08477237	0.5948954
0	0	0.08477237	0.5948954
-0.1163147	-0.3255998	-1.570703	-1.57124
-0.1163147	-0.3255998	-1.570783	-1.57116
-0.1163147	-0.3255998	-1.570783	-1.57116
-0.1163147	-0.3255998	-1.570783	-1.57116
-0.1163147	-0.3255998	-1.570783	-1.57116
-0.1163147	-0.3255998	-1.570783	-1.57116
-0.1163147	-0.3255998	-1.570783	-1.57116
-0.1163147	-0.3255998	-1.570783	-1.57116
-0.1163407	-0.3256215	-1.571268	-1.571429
-0.1163407	-0.3256215	-1.571349	-1.571349
-0.1163147	-0.3256432	-1.570703	-1.57124
-0.1163147	-0.3256432	-1.570783	-1.57116
-0.1163147	-0.3256432	-1.570783	-1.57116
-0.1163147	-0.3256432	-1.570783	-1.57116
-0.1163147	-0.3256432	-1.570783	-1.57116
-0.1163147	-0.3256432	-1.570783	-1.57116
-0.1163147	-0.3256432	-1.570783	-1.57116
-0.1163147	-0.3256432	-1.570783	-1.57116
-0.1163147	-0.3256432	-1.570783	-1.57116
-0.1163147	-0.3256432	-1.570783	-1.57116
-0.1163147	-0.3256432	-1.570783	-1.57116
-0.1163147	-0.3256432	-1.570783	-1.57116
-0.1163147	-0.3256432	-1.570783	-1.57116
-0.1163147	-0.3256432	-1.570783	-1.57116
-0.1162887	-0.3256215	-1.570297	-1.570891
-0.1162887	-0.3256215	-1.570297	-1.570891
-0.1162887	-0.3256215	-1.570297	-1.570891
-0.1162887	-0.3256215	-1.570297	-1.570891
-0.1163147	-0.3256432	-1.570783	-1.57116
-0.1163147	-0.3256432	-1.570783	-1.57116
-0.1163147	-0.3256432	-1.570783	-1.57116
-0.1163147	-0.3256432	-1.570783	-1.57116
-0.1162368	-0.3257083	-1.568847	-1.570835
-0.1162368	-0.3257083	-1.569087	-1.570594
-0.1162109	-0.3257734	-1.568282	-1.570646
-0.1162109	-0.3257734	-1.568522	-1.570406
-0.116081	-0.3259252	-1.56514	-1.570025
-0.116081	-0.3259252	-1.565697	-1.569464
-0.1156397	-0.3264242	-1.554309	-1.568113
-0.1156397	-0.3264242	-1.556115	-1.566265
-0.1153021	-0.3267932	-1.547484	-1.56519
-0.1153021	-0.3267932	-1.548809	-1.563823
-0.1150943	-0.3270537	-1.543391	-1.563287
-0.1150943	-0.3270537	-1.544321	-1.562322
-0.1142373	-0.3279874	-1.522634	-1.559619
-0.1142373	-0.3279874	-1.525887	-1.556146
-0.09906935	-0.341047	-1.191069	-1.503879
-0.09906935	-0.341047	-1.219602	-1.451333
-0.07242573	-0.3647637	-0.7489614	-1.396434
-0.07242573	-0.3647637	-0.7676893	-1.292362
-0.07187597	-0.3907019	-0.7405413	-1.397769
-0.07187597	-0.3907019	-0.7594278	-1.289487
-0.08207835	-0.4149432	-0.8939754	-1.437679
-0.08207835	-0.4149432	-0.9194583	-1.345701
-0.09609783	-0.4480643	-1.113041	-1.545432
-0.09609783	-0.4480643	-1.163926	-1.431887
-0.100867	-0.459952	-1.232155	-1.500209
-0.100867	-0.459952	-1.253961	-1.463282
-0.1033671	-0.4789439	-1.267148	-1.537507
-0.1033671	-0.4789439	-1.3026	-1.48012
-0.10407	-0.5074951	-1.265803	-1.56859
-0.10407	-0.5074951	-1.316456	-1.4849
-0.1043303	-0.5444899	-1.260284	-1.59036
-0.1043303	-0.5444899	-1.321607	-1.486676
-0.1034712	-0.5681197	-1.266469	-1.542902
-0.1034712	-0.5681197	-1.304648	-1.480827
-0.1021954	-0.5919076	-1.243781	-1.53279
-0.1021954	-0.5919076	-1.279679	-1.472196
-0.1016485	-0.628952	-1.218094	-1.560477
-0.1016485	-0.628952	-1.269056	-1.468517
-0.10032	-0.6483744	-1.217392	-1.505193
-0.10032	-0.6483744	-1.243451	-1.459631
-0.0973492	-0.665827	-1.166085	-1.480383
-0.0973492	-0.665827	-1.187204	-1.440029
-0.08599789	-0.6781456	-0.9744906	-1.397989
-0.08599789	-0.6781456	-0.9848521	-1.368818
-0.07250426	-0.6962854	-0.7600721	-1.33756
-0.07250426	-0.6962854	-0.7688726	-1.292774
-0.08403844	-0.7106221	-0.9411007	-1.390108
-0.08403844	-0.7106221	-0.9518811	-1.357161
-0.0783655	-0.7168227	-0.8557318	-1.338851
-0.0783655	-0.7168227	-0.8595493	-1.32456
-0.06928366	-0.727167	-0.7167386	-1.300756
-0.06928366	-0.727167	-0.7210074	-1.27618
-0.06459422	-0.7325762	-0.6518928	-1.26609
-0.06459422	-0.7325762	-0.6536887	-1.253187
-0.06304791	-0.7344062	-0.6315224	-1.250279
-0.06304791	-0.7344062	-0.6320878	-1.245921
-0.06367695	-0.7351272	-0.6406099	-1.250567
-0.06367695	-0.7351272	-0.6408402	-1.248858
-0.08680761	-0.7597321	-0.9797843	-1.427169
-0.08680761	-0.7597321	-0.9986418	-1.373692
-0.09461142	-0.7650253	-1.131226	-1.433019
-0.09461142	-0.7650253	-1.136593	-1.422306
-0.0968539	-0.7624212	-1.180834	-1.431632
-0.0968539	-0.7624212	-1.180834	-1.431632
-0.1105735	-0.7787593	-1.427562	-1.555844
-0.1105735	-0.7787593	-1.448458	-1.530033
-0.1104955	-0.7787278	-1.446883	-1.529424
-0.1104955	-0.7787278	-1.446883	-1.529424
-0.1104695	-0.7787593	-1.446293	-1.529299
-0.1104695	-0.7787593	-1.446293	-1.529299
-0.1104435	-0.7787278	-1.445801	-1.529057
-0.1104435	-0.7787278	-1.445801	-1.529057
-0.1103655	-0.7786332	-1.444325	-1.528333
-0.1103655	-0.7786332	-1.444325	-1.528333
-0.1100275	-0.7784756	-1.437547	-1.525661
-0.1100275	-0.7784756	-1.437547	-1.525661
-0.1098195	-0.7780975	-1.433815	-1.5235
-0.1098195	-0.7780975	-1.433815	-1.5235
-0.1079212	-0.7759263	-1.397954	-1.506174
-0.1079212	-0.7759263	-1.397954	-1.506174
-0.104955	-0.772163	-1.343092	-1.478557
-0.104955	-0.772163	-1.343092	-1.478557
-0.09818328	-0.7628237	-1.221579	-1.414753
-0.09818328	-0.7628237	-1.221579	-1.414753
-0.09719279	-0.7318871	-1.243326	-1.349589
-0.09719279	-0.7318871	-1.243326	-1.349589
-0.1029245	-0.6986846	-1.331504	-1.243013
-0.1029245	-0.6986846	-1.331504	-1.243013
-0.1041221	-0.6776069	-1.304982	-1.132475
-0.1041221	-0.6776069	-1.304982	-1.132475
-0.1069066	-0.6464192	-1.277296	-0.9778609
-0.1069066	-0.6464192	-1.277296	-0.9778609
-0.1096895	-0.5956873	-1.227811	-0.7631556
-0.1096895	-0.5956873	-1.227811	-0.7631556
-0.1088834	-0.5725455	-1.190749	-0.6786834
-0.1088834	-0.5725455	-1.190749	-0.6786834
-0.1084934	-0.5397123	-1.148298	-0.5645127
-0.1084934	-0.5397123	-1.148298	-0.5645127
-0.1066465	-0.5031698	-1.09305	-0.4475742
-0.1066465	-0.5031698	-1.09305	-0.4475742
-0.1016224	-0.4596447	-1.006953	-0.3190275
-0.1016224	-0.4596447	-1.006953	-0.3190275
-0.09948626	-0.4291528	-0.9650669	-0.2335747
-0.09948626	-0.4291528	-0.9650669	-0.2335747
-0.09555025	-0.388312	-0.9060445	-0.1249114
-0.09555025	-0.388312	-0.9060445	-0.1249114
-0.09268108	-0.3378765	-0.8680914	0.00380135
-0.09268108	-0.3378765	-0.8680914	0.00380135
-0.09226362	-0.3089778	-0.8672096	0.07718448
-0.09226362	-0.3089778	-0.8672096	0.07718448
-0.09182003	-0.2798847	-0.8723111	0.152741
-0.09182003	-0.2798847	-0.8723111	0.152741
-0.09408978	-0.2467843	-0.9130877	0.2422581
-0.09408978	-0.2467843	-0.9130877	0.2422581
-0.1032369	-0.2113263	-1.028803	0.3411641
-0.1032369	-0.2113263	-1.028803	0.3411641
-0.1061001	-0.1897426	-1.074741	0.4042934
-0.1061001	-0.1897426	-1.074741	0.4042934
-0.1087534	-0.1642471	-1.124097	0.4818525
-0.1087534	-0.1642471	-1.124097	0.4818525
-0.1160551	-0.1233561	-1.23551	0.6090534
-0.1160551	-0.1233561	-1.23551	0.6090534
-0.1207518	-0.1029777	-1.301805	0.6729741
-0.1207518	-0.1029777	-1.261726	0.678854
-0.1265309	-0.07838808	-1.342696	0.7578802
-0.1265309	-0.07838808	-1.29235	0.767656
-0.1321464	-0.03842887	-1.392557	0.9087694
-0.1321464	-0.03842887	-1.346761	0.9224566
-0.146032	0.03163744	-1.558171	1.175156
-0.146032	0.03163744	-1.454253	1.227987
-0.1578597	0.06117929	-1.584119	1.317482
-0.1578597	0.06117929	-1.503535	1.370692
-0.1980281	0.1147401	-1.855386	1.462107
-0.1980281	0.1147401	-1.571349	1.571349
-0.2188333	0.1555742	-1.753266	1.679086
-0.2188333	0.1555742	-1.571348	1.571348
-0.2284665	0.186364	-1.662023	1.670612
-0.2284665	0.186364	-1.571349	1.571349
-0.2309117	0.2173604	-1.558212	1.633973
-0.2309117	0.2173604	-1.571349	1.571349
-0.1999246	0.2380932	-1.145365	1.467969
-0.1999246	0.2380932	-1.163637	1.431786
-0.1521055	0.2721955	-0.6481939	1.320733
-0.1521055	0.2721955	-0.6568584	1.254259
-0.1358941	0.2834489	-0.512467	1.229538
-0.1358941	0.2834489	-0.5141062	1.207609
-0.1211926	0.2935691	-0.3942184	1.192545
-0.1211926	0.2935691	-0.3949647	1.172462
-0.1198699	0.2944808	-0.3846054	1.171451
-0.1198699	0.2944808	-0.3846691	1.169656
-0.119844	0.2944272	-0.3844717	1.169497
-0.119844	0.2944272	-0.3844717	1.169497
-0.119844	0.2944272	-0.3844717	1.169497
-0.119844	0.2944272	-0.3844717	1.169497
-0.1198699	0.2944451	-0.3846717	1.169586
-0.1198699	0.2944451	-0.3846717	1.169586
-0.1199477	0.2947132	-0.3852568	1.170277
-0.1199477	0.2947132	-0.3852731	1.16982
-0.1157176	0.2976981	-0.3525958	1.167161
-0.1157176	0.2976981	-0.3527602	1.161247
-0.09883481	0.3095094	-0.2284807	1.157407
-0.09883481	0.3095094	-0.2286708	1.133496
-0.09870452	0.3097059	-0.2277403	1.133717
-0.09870452	0.3097059	-0.2277434	1.133323
-0.0987827	0.3097595	-0.2282989	1.133534
-0.0987827	0.3097595	-0.2282998	1.133427
-0.0987827	0.3097595	-0.2282998	1.133427
-0.0987827	0.3097595	-0.2282998	1.133427
-0.0987827	0.3097953	-0.2282992	1.133498
-0.0987827	0.3097953	-0.2282998	1.133427
-0.09880876	0.3097774	-0.2284856	1.133426
-0.09880876	0.3097774	-0.2284856	1.133426
-0.09880876	0.3097774	-0.2284856	1.133426
-0.09880876	0.3097774	-0.2284856	1.133426
-0.09880876	0.3097774	-0.2284856	1.133426
-0.09880876	0.3097774	-0.2284856	1.133426
-0.0987827	0.3097595	-0.2283004	1.133355
-0.0987827	0.3097595	-0.2283004	1.133355
-0.09867845	0.3096524	-0.2275603	1.133003
-0.09867845	0.3096524	-0.2275603	1.133003
-0.09852209	0.3094022	-0.226452	1.132296
-0.09852209	0.3094022	-0.226452	1.132296
-0.09833966	0.3083839	-0.2251711	1.130017
-0.09833966	0.3083839	-0.2251711	1.130017
-0.09740134	0.3059183	-0.218547	1.123862
-0.09740134	0.3059183	-0.218547	1.123862
-0.1003721	0.302845	-0.2397756	1.121703
-0.1003721	0.302845	-0.2397756	1.121703
-0.09794872	0.3010758	-0.2225077	1.114873
-0.09794872	0.3010758	-0.2225077	1.114873
-0.08931439	0.2733409	-0.1621231	1.048999
-0.08931439	0.2733409	-0.1621231	1.048999
-0.08772167	0.251975	-0.1512105	1.004268
-0.08772167	0.251975	-0.1512105	1.004268
-0.08591953	0.2396544	-0.138801	0.9776293
-0.08591953	0.2396544	-0.138801	0.9776293
-0.08335901	0.2162272	-0.1212499	0.9279189
-0.08335901	0.2162272	-0.1212499	0.9279189
-0.08244428	0.180149	-0.1151166	0.8540993
-0.08244428	0.180149	-0.1151166	0.8540993
-0.08369873	0.1586401	-0.1239284	0.8118332
-0.08369873	0.1586401	-0.1239284	0.8118332
-0.08644194	0.1435855	-0.1432613	0.7845647
-0.08644194	0.1435855	-0.1432613	0.7845647
-0.09056735	0.1296021	-0.1729211	0.7621477
-0.09056735	0.1296021	-0.1729211	0.7621477
-0.09807903	0.120113	-0.2288927	0.7563108
-0.09807903	0.120113	-0.2288927	0.7563108
-0.1093775	0.1114476	-0.3196469	0.765317
-0.1093775	0.1114476	-0.3196469	0.765317
-0.1244068	0.1005113	-0.4574299	0.7901902
-0.1244068	0.1005113	-0.4574299	0.7901902
-0.1266086	0.06986929	-0.4922673	0.7447699
-0.1266086	0.06986929	-0.4922673	0.7447699
-0.1214779	0.05284139	-0.4469482	0.6968373
-0.1214779	0.05284139	-0.4469482	0.6968373
-0.1146009	0.03128302	-0.3862964	0.6350394
-0.1146009	0.03128302	-0.3862964	0.6350394
-0.1088314	0.01197932	-0.3365808	0.5813731
-0.1088314	0.01197932	-0.3365808	0.5813731
-0.09714066	-0.03184373	-0.239275	0.4651893
-0.09714066	-0.03184373	-0.239275	0.4651893
-0.09174175	-0.05940386	-0.1968771	0.3986268
-0.09174175	-0.05940386	-0.1968771	0.3986268
-0.08732995	-0.09347986	-0.1649165	0.3231632
-0.08732995	-0.09347986	-0.1649165	0.3231632
-0.07849628	-0.1133716	-0.0929034	0.2622909
-0.07849628	-0.1133716	-0.0929034	0.2622909
-0.07928085	-0.1316841	-0.1015208	0.2294756
-0.07928085	-0.1316841	-0.1015208	0.2294756
-0.08346355	-0.1463615	-0.145714	0.2167614
-0.08346355	-0.1463615	-0.145714	0.2167614
-0.09343765	-0.1603715	-0.2412462	0.1942346
-0.09343765	-0.1603715	-0.2412462	0.1942346
-0.1140555	-0.1906325	-0.3384221	0.09282227
-0.1140555	-0.1906325	-0.3384221	0.09282227
-0.1147567	-0.2090193	-0.3351336	0.05261735
-0.1147567	-0.2090193	-0.3351336	0.05261735
-0.1151982	-0.2109178	-0.3374886	0.04860126
-0.1151982	-0.2109178	-0.3374886	0.04860126
-0.1151982	-0.2109178	-0.3374886	0.04860126
-0.1151982	-0.2109178	-0.3374886	0.04860126
-0.1152242	-0.2108974	-0.3376671	0.04864365
-0.1152242	-0.2108974	-0.3376671	0.04864365
-0.1154319	-0.2107749	-0.3390836	0.04889738
-0.1154319	-0.2107749	-0.3390836	0.04889738
-0.1163147	-0.2100807	-0.3451539	0.05034108
-0.1163147	-0.2100807	-0.3451539	0.05034108
-0.1352482	-0.1953717	-0.4754393	0.08099172
-0.1352482	-0.1953717	-0.4754393	0.08099172
-0.1523626	-0.1836035	-0.5927885	0.1054977
-0.1523626	-0.1836035	-0.5927885	0.1054977
-0.1892093	-0.1800973	-0.8384435	0.1120096
-0.1892093	-0.1800973	-0.8384435	0.1120096
-0.2737406	-0.1664274	-1.405609	0.1396133
-0.2737406	-0.1664274	-1.119763	0.1400113
-0.2979145	-0.1530974	-1.265797	0.1675922
-0.2979145	-0.1530974	-1.123464	0.1679891
-0.3237703	-0.1316249	-1.272945	0.2128934
-0.3237703	-0.1316249	-1.130778	0.2136935
-0.3478833	-0.1112778	-1.262858	0.2566563
-0.3478833	-0.1112778	-1.139222	0.2578777
-0.372153	-0.08808438	-1.267272	0.3075367
-0.372153	-0.08808438	-1.150603	0.3094849
-0.3758926	-0.08467415	-1.16941	0.3168513
-0.3758926	-0.08467415	-1.152431	0.3171972
-0.3760293	-0.08455797	-1.153109	0.3174477
-0.3760293	-0.08455797	-1.152494	0.3174604
-0.3765073	-0.08496463	-1.154425	0.3164944
-0.3765073	-0.08496463	-1.152273	0.316539
-0.377531	-0.08595248	-1.156347	0.3142092
-0.377531	-0.08595248	-1.151741	0.3143022
-0.3883085	-0.09775744	-1.194337	0.2870645
-0.3883085	-0.09775744	-1.145632	0.2877872
-0.3935497	-0.1151146	-1.160828	0.249235
-0.3935497	-0.1151146	-1.137519	0.2494734
-0.3974266	-0.1438232	-1.143642	0.1875469
-0.3974266	-0.1438232	-1.126419	0.1876248
-0.3974714	-0.1438232	-1.126617	0.1876239
-0.3974714	-0.1438232	-1.126419	0.1876248
-0.3976951	-0.1440214	-1.127339	0.1871989
-0.3976951	-0.1440214	-1.126353	0.1872036
-0.408206	-0.1536347	-1.169745	0.1667129
-0.408206	-0.1536347	-1.123302	0.1668562
-0.405876	-0.1562832	-1.112436	0.1613079
-0.405876	-0.1562832	-1.112436	0.1613079
-0.4051427	-0.157818	-1.108817	0.158088
-0.4051427	-0.157818	-1.108817	0.158088
-0.4053871	-0.1580373	-1.109812	0.1576235
-0.4053871	-0.1580373	-1.109812	0.1576235
-0.4056538	-0.1582766	-1.110898	0.1571171
-0.4056538	-0.1582766	-1.110898	0.1571171
-0.4116813	-0.1640271	-1.135454	0.1449975
-0.4116813	-0.1640271	-1.120381	0.1450298
-0.4162693	-0.1705939	-1.138532	0.1312882
-0.4162693	-0.1705939	-1.11874	0.1313195
-0.4165774	-0.1708746	-1.11999	0.1307325
-0.4165774	-0.1708746	-1.118673	0.1307347
-0.4225256	-0.1776021	-1.142615	0.1167215
-0.4225256	-0.1776021	-1.117162	0.1167496
-0.4220658	-0.203273	-1.110984	0.06381632
-0.4220658	-0.203273	-1.110984	0.06381632
-0.4242755	-0.218119	-1.119052	0.03341887
-0.4242755	-0.218119	-1.111613	0.03341928
-0.4242755	-0.218119	-1.111613	0.03341928
-0.4242755	-0.218119	-1.111613	0.03341928
-0.4242536	-0.2181805	-1.111517	0.03329358
-0.4242536	-0.2181805	-1.111517	0.03329358
-0.4242318	-0.218324	-1.111416	0.03300013
-0.4242318	-0.218324	-1.111416	0.03300013
-0.4234009	-0.2359019	-1.107408	-0.002898658
-0.4234009	-0.2359019	-1.107408	-0.002898658
-0.4223724	-0.2712558	-1.105596	-0.07524525
-0.4223724	-0.2712558	-1.105596	-0.07524525
-0.419325	-0.3208562	-1.104296	-0.1786197
-0.419325	-0.3208562	-1.104296	-0.1786197
-0.41508	-0.3949496	-1.121064	-0.3425354
-0.41508	-0.3949496	-1.121064	-0.3425354
-0.4142202	-0.431237	-1.141493	-0.429107
-0.4142202	-0.431237	-1.141493	-0.429107
-0.4141982	-0.4596211	-1.163061	-0.5003319
-0.4141982	-0.4596211	-1.163061	-0.5003319
-0.4140217	-0.4787522	-1.178363	-0.5503745
-0.4140217	-0.4787522	-1.178363	-0.5503745
-0.405476	-0.504146	-1.169143	-0.6240069
-0.405476	-0.504146	-1.169143	-0.6240069
-0.4047647	-0.5365789	-1.199152	-0.7191027
-0.4047647	-0.5365789	-1.199152	-0.7191027
-0.3953665	-0.573087	-1.206275	-0.8434647
-0.3953665	-0.573087	-1.206275	-0.8434647
-0.3681504	-0.6156566	-1.169623	-1.042282
-0.3681504	-0.6156566	-1.169623	-1.042282
-0.3473715	-0.6400002	-1.082101	-1.140952
-0.3473715	-0.6400002	-1.082101	-1.140952
-0.3229422	-0.6688017	-0.8597175	-1.118347
-0.3229422	-0.6688017	-0.8597175	-1.118347
-0.3055438	-0.6892082	-0.7265666	-1.109602
-0.3055438	-0.6892082	-0.7265666	-1.109602
-0.2629022	-0.7403708	-0.4621899	-1.117577
-0.2629022	-0.7403708	-0.4621899	-1.117577
-0.2441364	-0.7605658	-0.3653114	-1.12881
-0.2441364	-0.7605658	-0.3653114	-1.12881
-0.2030823	-0.7800214	-0.1756446	-1.127129
-0.2030823	-0.7800214	-0.1756542	-1.124583
-0.1277738	-0.8038041	0.1468016	-1.168718
-0.1277738	-0.8038041	0.1469033	-1.120618
-0.1021954	-0.8163284	0.2603511	-1.164167
-0.1021954	-0.8163284	0.260633	-1.13979
-0.09025414	-0.8238083	0.3156501	-1.166371
-0.09025414	-0.8238083	0.315938	-1.15213
-0.0768222	-0.8234758	0.3803149	-1.167858
-0.0768222	-0.8234758	0.3803149	-1.167858
-0.05893168	-0.8265058	0.4698399	-1.199047
-0.05893168	-0.8265058	0.4701381	-1.194125
-0.0502209	-0.8234426	0.5162341	-1.202632
-0.0502209	-0.8234426	0.5162341	-1.202632
-0.04898709	-0.8222139	0.5230054	-1.202501
-0.04898709	-0.8222139	0.5230054	-1.202501
-0.04486461	-0.8180104	0.5459435	-1.202087
-0.04486461	-0.8180104	0.5459435	-1.202087
-0.03737732	-0.8173834	0.5874305	-1.21445
-0.03737732	-0.8173834	0.5874305	-1.21445
-0.01155212	-0.8042262	0.7436672	-1.243802
-0.01155212	-0.8042262	0.7436672	-1.243802
0.008184028	-0.7908231	0.8784622	-1.267105
0.008184028	-0.7908231	0.8784622	-1.267105
0.04363019	-0.7489324	1.178712	-1.296592
0.04363019	-0.7489324	1.178712	-1.296592
0.06661183	-0.722648	1.328371	-1.243991
0.06661183	-0.722648	1.328371	-1.243991
0.08500519	-0.7020765	1.360291	-1.126834
0.08500519	-0.7020765	1.360291	-1.126834
0.1146269	-0.677777	1.43143	-1.000868
0.1146269	-0.677777	1.381077	-1.019543
0.1295855	-0.6669205	1.41911	-0.9668291
0.1295855	-0.6669205	1.368574	-0.9841614
0.14067	-0.6549549	1.391745	-0.9341237
0.14067	-0.6549549	1.355045	-0.9458943
0.1504338	-0.644495	1.375375	-0.9035331
0.1504338	-0.644495	1.343441	-0.9130607
0.1686459	-0.6251679	1.382254	-0.8392297
0.1686459	-0.6251679	1.322564	-0.8538816
0.1830844	-0.6099989	1.353025	-0.7985327
0.1830844	-0.6099989	1.306711	-0.8087589
0.1999246	-0.5923532	1.342364	-0.7476726
0.1999246	-0.5923532	1.288884	-0.7576945
0.2272428	-0.5630706	1.34732	-0.6644471
0.2272428	-0.5630706	1.260829	-0.6762185
0.2411856	-0.5482747	1.289955	-0.631229
0.2411856	-0.5482747	1.247413	-0.6365378
0.2558218	-0.5332037	1.278471	-0.5924136
0.2558218	-0.5332037	1.234296	-0.5971028
0.2747892	-0.5081317	1.270726	-0.5291359
0.2747892	-0.5081317	1.213746	-0.5336
0.2813105	-0.4744701	1.208179	-0.4511535
0.2813105	-0.4744701	1.188781	-0.4521919
0.2881701	-0.4541959	1.195714	-0.4042997
0.2881701	-0.4541959	1.175268	-0.4051132
0.3031246	-0.4371347	1.209398	-0.3652277
0.3031246	-0.4371347	1.164822	-0.3665337
0.3049214	-0.402161	1.151473	-0.2900189
0.3049214	-0.402161	1.146151	-0.2901046
0.3051608	-0.3625673	1.130365	-0.2071993
0.3051608	-0.3625673	1.129648	-0.2072038
0.3074096	-0.3388816	1.128999	-0.1590373
0.3074096	-0.3388816	1.122216	-0.1590565
0.3091777	-0.3187593	1.122713	-0.1187894
0.3091777	-0.3187593	1.117373	-0.1187958
0.3070271	-0.2838432	1.105719	-0.04989654
0.3070271	-0.2838432	1.105719	-0.04989654
0.3099894	-0.2586677	1.113571	-0.0006109842
0.3099894	-0.2586677	1.111111	-0.000610984
0.3144699	-0.2364188	1.125489	0.04293159
0.3144699	-0.2364188	1.111939	0.04293235
0.3216637	-0.2107953	1.136563	0.09332433
0.3216637	-0.2107953	1.114997	0.09333663
0.3333889	-0.1799564	1.156252	0.1546878
0.3333889	-0.1799564	1.12164	0.1547746
0.3370499	-0.1607907	1.137959	0.1935434
0.3370499	-0.1607907	1.127375	0.1935963
0.3364169	-0.1333412	1.135887	0.2503532
0.3364169	-0.1333412	1.135887	0.2503532
0.3252832	-0.1053381	1.117575	0.3105918
0.3252832	-0.1053381	1.117575	0.3105918
0.3116353	-0.07292607	1.098511	0.3841738
0.3116353	-0.07292607	1.098511	0.3841738
0.2934836	-0.03395475	1.077377	0.4805231
0.2934836	-0.03395475	1.077377	0.4805231
0.2559696	0.0113603	1.021218	0.616006
0.2559696	0.0113603	1.021218	0.616006
0.1973956	0.05512217	0.933122	0.8131853
0.1973956	0.05512217	0.933122	0.8131853
0.1661386	0.07782213	0.8365989	0.8983755
0.1661386	0.07782213	0.8365989	0.8983755
0.1362557	0.09919061	0.656534	0.8744012
0.1362557	0.09919061	0.656534	0.8744012
0.0933333	0.1294198	0.4518603	0.8572574
0.0933333	0.1294198	0.4518603	0.8572574
0.06959794	0.1459489	0.3581474	0.8569575
0.06959794	0.1459489	0.3581474	0.8569575
0.04234309	0.1648396	0.2621709	0.8648205
0.04234309	0.1648396	0.2621709	0.8648205
-0.003526301	0.1973713	0.118012	0.8988955
-0.003526301	0.1973713	0.118012	0.8988955
-0.06472525	0.2677922	-0.06173524	1.03081
-0.06472525	0.2677922	-0.06173524	1.03081
-0.1013359	0.2958572	-0.1705108	1.09687
-0.1013359	0.2958572	-0.1705108	1.09687
-0.1082593	0.3026841	-0.1914659	1.113312
-0.1082593	0.3026841	-0.1914659	1.113312
-0.1083893	0.3027377	-0.1918616	1.113479
-0.1083893	0.3027377	-0.1918616	1.113479
-0.1084413	0.3027377	-0.1920201	1.113505
-0.1084413	0.3027377	-0.1920201	1.113505
-0.1085194	0.3026841	-0.1922584	1.113441
-0.1085194	0.3026841	-0.1922584	1.113441
-0.1088314	0.302434	-0.1932123	1.113114
-0.1088314	0.302434	-0.1932123	1.113114
-0.1362299	0.2833595	-0.2790017	1.09336
-0.1362299	0.2833595	-0.2790017	1.09336
-0.1552408	0.2700477	-0.3416422	1.083529
-0.1552408	0.2700477	-0.3416422	1.083529
-0.1867458	0.2479234	-0.4534601	1.074647
-0.1867458	0.2479234	-0.4534601	1.074647
-0.2259934	0.2197883	-0.612572	1.076004
-0.2259934	0.2197883	-0.612572	1.076004
-0.2489129	0.2029409	-0.7194039	1.08303
-0.2489129	0.2029409	-0.7194039	1.08303
-0.2707867	0.1860209	-0.8340734	1.093134
-0.2707867	0.1860209	-0.8340734	1.093134
-0.2865244	0.1714673	-0.9275805	1.099688
-0.2865244	0.1714673	-0.9275805	1.099688
-0.3145413	0.149583	-1.113492	1.12332
-0.3145413	0.149583	-1.113492	1.12332
-0.325803	0.1373812	-1.130227	1.061957
-0.325803	0.1373812	-1.130227	1.061957
-0.3483948	0.09834664	-1.130514	0.8864796
-0.3483948	0.09834664	-1.130514	0.8864796
-0.3622499	0.07857788	-1.139828	0.8075392
-0.3622499	0.07857788	-1.139828	0.8075392
-0.3705763	0.0623452	-1.142006	0.7504914
-0.3705763	0.0623452	-1.142006	0.7504914
-0.3791218	0.0526188	-1.152785	0.7158881
-0.3791218	0.0526188	-1.152785	0.7158881
-0.386165	0.01943645	-1.137928	0.6182789
-0.386165	0.01943645	-1.137928	0.6182789
-0.3932354	-0.05832947	-1.092915	0.4189378
-0.3932354	-0.05832947	-1.092915	0.4189378
-0.3998629	-0.1058455	-1.081782	0.310284
-0.3998629	-0.1058455	-1.081782	0.310284
-0.4082725	-0.1817288	-1.074898	0.1513334
-0.4082725	-0.1817288	-1.074898	0.1513334
-0.4160271	-0.2492176	-1.087182	0.01787262
-0.4160271	-0.2492176	-1.087182	0.01787262
-0.4225256	-0.3314007	-1.115191	-0.1440388
-0.4225256	-0.3314007	-1.115191	-0.1440388
-0.4224818	-0.3676079	-1.126327	-0.2176126
-0.4224818	-0.3676079	-1.126327	-0.2176126
-0.4199176	-0.4076716	-1.136545	-0.3021558
-0.4199176	-0.4076716	-1.136545	-0.3021558
-0.4151461	-0.4852607	-1.17174	-0.4794634
-0.4151461	-0.4852607	-1.17174	-0.4794634
-0.4107527	-0.5267531	-1.193284	-0.5844781
-0.4107527	-0.5267531	-1.193284	-0.5844781
-0.4036302	-0.574842	-1.219579	-0.7183218
-0.4036302	-0.574842	-1.219579	-0.7183218
-0.3790082	-0.6304151	-1.219771	-0.9065898
-0.3790082	-0.6304151	-1.219771	-0.9065898
-0.3401403	-0.6788264	-1.193868	-1.134238
-0.3401403	-0.6788264	-1.193868	-1.134238
-0.317798	-0.7060338	-1.084304	-1.186179
-0.317798	-0.7060338	-1.084304	-1.186179
-0.2970485	-0.7310788	-0.9474218	-1.184022
-0.2970485	-0.7310788	-0.9474218	-1.184022
-0.264374	-0.7707247	-0.7661169	-1.191331
-0.264374	-0.7707247	-0.7661169	-1.191331
-0.2397955	-0.7930638	-0.6528719	-1.192233
-0.2397955	-0.7930638	-0.6528719	-1.192233
-0.2051768	-0.8083605	-0.5149205	-1.174463
-0.2051768	-0.8083605	-0.5149205	-1.174463
-0.1559342	-0.823775	-0.3419605	-1.15335
-0.1559342	-0.823775	-0.3419605	-1.15335
-0.09698425	-0.8267393	-0.1573077	-1.122432
-0.09698425	-0.8267393	-0.1573089	-1.121979
-0.07533087	-0.8213184	-0.09290844	-1.104399
-0.07533087	-0.8213184	-0.09290844	-1.104399
-0.067031	-0.815209	-0.06848969	-1.090711
-0.067031	-0.815209	-0.06848969	-1.090711
-0.0247055	-0.8120562	0.05525998	-1.083808
-0.0247055	-0.8120562	0.05525998	-1.083808
-0.01605125	-0.8017941	0.08067939	-1.065378
-0.01605125	-0.8017941	0.08067939	-1.065378
-0.01157843	-0.7965001	0.09387334	-1.056133
-0.01157843	-0.7965001	0.09387334	-1.056133
-0.003368408	-0.7868363	0.1182258	-1.039748
-0.003368408	-0.7868363	0.1182258	-1.039748
0.0209443	-0.7717563	0.1917275	-1.021142
0.0209443	-0.7717563	0.1917275	-1.021142
0.04452319	-0.7612766	0.2659211	-1.016217
0.04452319	-0.7612766	0.2659211	-1.016217
0.07171889	-0.7443382	0.3571513	-1.007878
0.07171889	-0.7443382	0.3571513	-1.007878
0.09495047	-0.7211661	0.443028	-0.9909796
0.09495047	-0.7211661	0.443028	-0.9909796
0.1338269	-0.6778054	0.6126067	-0.9697908
0.1338269	-0.6778054	0.6126067	-0.9697908
0.1568586	-0.6527107	0.734653	-0.9677802
0.1568586	-0.6527107	0.734653	-0.9677802
0.1794436	-0.6284377	0.8759543	-0.9732308
0.1794436	-0.6284377	0.8759543	-0.9732308
0.2095113	-0.5966604	0.9915304	-0.8873988
0.2095113	-0.5966604	0.9915304	-0.8873988
0.2158474	-0.5899963	0.9968655	-0.8532354
0.2158474	-0.5899963	0.9968655	-0.8532354
0.2158725	-0.5899178	0.9968214	-0.852913
0.2158725	-0.5899178	0.9968214	-0.852913
0.2181813	-0.5869915	0.9982603	-0.8391368
0.2181813	-0.5869915	0.9982603	-0.8391368
0.2554031	-0.5471885	1.039446	-0.6723057
0.2554031	-0.5471885	1.039446	-0.6723057
0.2722521	-0.5297128	1.063627	-0.61183
0.2722521	-0.5297128	1.063627	-0.61183
0.290684	-0.5062473	1.089423	-0.5408913
0.290684	-0.5062473	1.089423	-0.5408913
0.302717	-0.4925264	1.10966	-0.5023479
0.302717	-0.4925264	1.10966	-0.5023479
0.3117784	-0.479591	1.123837	-0.4683932
0.3117784	-0.479591	1.123837	-0.4683932
0.3097268	-0.4547846	1.10047	-0.4095639
0.3097268	-0.4547846	1.10047	-0.4095639
0.309321	-0.4239554	1.079792	-0.3391477
0.309321	-0.4239554	1.079792	-0.3391477
0.3102041	-0.3755892	1.057835	-0.2345564
0.3102041	-0.3755892	1.057835	-0.2345564
0.3135891	-0.3365008	1.053735	-0.1541913
0.3135891	-0.3365008	1.053735	-0.1541913
0.3192458	-0.3054791	1.063124	-0.09225657
0.3192458	-0.3054791	1.063124	-0.09225657
0.3228948	-0.2782783	1.070495	-0.03875174
0.3228948	-0.2782783	1.070495	-0.03875174
0.3328719	-0.2531548	1.098965	0.010397
0.3328719	-0.2531548	1.098965	0.010397
0.3413325	-0.2342488	1.124609	0.04740479
0.3413325	-0.2342488	1.11212	0.04740574
0.3526428	-0.2206207	1.146331	0.0741639
0.3526428	-0.2206207	1.113573	0.07417316
0.3515298	-0.1869536	1.116718	0.1409466
0.3515298	-0.1869536	1.116718	0.1409466
0.3527123	-0.1725596	1.123934	0.1698894
0.3527123	-0.1725596	1.123737	0.1698901
0.349882	-0.1548491	1.12147	0.2059997
0.349882	-0.1548491	1.12147	0.2059997
0.3441571	-0.1183295	1.120659	0.2825931
0.3441571	-0.1183295	1.120659	0.2825931
0.3337413	-0.08862732	1.107801	0.3480999
0.3337413	-0.08862732	1.107801	0.3480999
0.3249524	-0.06289844	1.100303	0.4078186
0.3249524	-0.06289844	1.100303	0.4078186
0.3160398	-0.03521065	1.096838	0.4758448
0.3160398	-0.03521065	1.096838	0.4758448
0.3058071	0.006892495	1.106193	0.587492
0.3058071	0.006892495	1.106193	0.587492
0.2753011	0.07291567	1.100648	0.801568
0.2753011	0.07291567	1.100648	0.801568
0.2511857	0.1019966	1.081837	0.9290276
0.2511857	0.1019966	1.081837	0.9290276
0.2251684	0.1259363	1.051762	1.059216
0.2251684	0.1259363	1.051762	1.059216
0.183059	0.1569532	0.7901544	1.025436
0.183059	0.1569532	0.7901544	1.025436
0.1664201	0.169277	0.7030911	1.016828
0.1664201	0.169277	0.7030911	1.016828
0.156114	0.1962353	0.6449795	1.044827
0.156114	0.1962353	0.6449795	1.044827
0.1493532	0.2236893	0.6072928	1.08127
0.1493532	0.2236893	0.6072928	1.08127
0.1222816	0.2494295	0.4967043	1.091135
0.1222816	0.2494295	0.4967043	1.091135
0.09508086	0.2681323	0.3982322	1.095563
0.09508086	0.2681323	0.3982322	1.095563
0.0805621	0.2780468	0.3490868	1.100543
0.0805621	0.2780468	0.3490868	1.100543
0.03947948	0.3044889	0.2193273	1.121585
0.03947948	0.3044889	0.2193273	1.121585
0.006315705	0.3205843	0.1210792	1.13859
0.006315705	0.3205843	0.1211051	1.117616
-0.04110841	0.3278888	-0.01523634	1.125358
-0.04110841	0.3278888	-0.01523638	1.11122
-0.07381302	0.3252992	-0.1092964	1.111462
-0.07381302	0.3252992	-0.1092964	1.111462
-0.08006532	0.3212808	-0.1274928	1.105672
-0.08006532	0.3212808	-0.1274928	1.105672
-0.08840058	0.3155831	-0.1519272	1.097792
-0.08840058	0.3155831	-0.1519272	1.097792
-0.1136918	0.2981986	-0.2277524	1.077266
-0.1136918	0.2981986	-0.2277524	1.077266
-0.1557545	0.2690453	-0.3628477	1.055207
-0.1557545	0.2690453	-0.3628477	1.055207
-0.1766906	0.2543229	-0.4364369	1.049949
-0.1766906	0.2543229	-0.4364369	1.049949
-0.2064376	0.2332464	-0.551353	1.049378
-0.2064376	0.2332464	-0.551353	1.049378
-0.2343254	0.2131326	-0.6735252	1.055931
-0.2343254	0.2131326	-0.6735252	1.055931
-0.2597095	0.1937101	-0.8009134	1.066561
-0.2597095	0.1937101	-0.8009134	1.066561
-0.2718614	0.1818298	-0.8703967	1.069953
-0.2718614	0.1818298	-0.8703967	1.069953
-0.2867907	0.170689	-0.9600303	1.081272
-0.2867907	0.170689	-0.9600303	1.081272
-0.3119452	0.121921	-1.065198	0.9638623
-0.3119452	0.121921	-1.065198	0.9638623
-0.3339528	0.09816314	-1.083868	0.8502526
-0.3339528	0.09816314	-1.083868	0.8502526
-0.3523183	0.08252037	-1.108035	0.781931
-0.3523183	0.08252037	-1.108035	0.781931
-0.3684253	0.03255132	-1.095281	0.624786
-0.3684253	0.03255132	-1.095281	0.624786
-0.3975161	-0.007716116	-1.134355	0.5100634
-0.3975161	-0.007716116	-1.134355	0.5100634
-0.3978293	-0.04628895	-1.106822	0.4178993
-0.3978293	-0.04628895	-1.106822	0.4178993
-0.4034967	-0.1232578	-1.079352	0.2492133
-0.4034967	-0.1232578	-1.079352	0.2492133
-0.4144187	-0.2044536	-1.086374	0.08682945
-0.4144187	-0.2044536	-1.086374	0.08682945
-0.418798	-0.25401	-1.095481	-0.008824162
-0.418798	-0.25401	-1.095481	-0.008824162
-0.4216715	-0.3129787	-1.110421	-0.1230651
-0.4216715	-0.3129787	-1.110421	-0.1230651
-0.4211895	-0.3778481	-1.129656	-0.2533028
-0.4211895	-0.3778481	-1.129656	-0.2533028
-0.4186003	-0.4600466	-1.167512	-0.4322574
-0.4186003	-0.4600466	-1.167512	-0.4322574
-0.4161372	-0.5074217	-1.195802	-0.5458273
-0.4161372	-0.5074217	-1.195802	-0.5458273
-0.4075851	-0.5835	-1.242649	-0.7513645
-0.4075851	-0.5835	-1.242649	-0.7513645
-0.3934375	-0.6232538	-1.2506	-0.8796245
-0.3934375	-0.6232538	-1.2506	-0.8796245
-0.3747765	-0.6508857	-1.239763	-0.9880083
-0.3747765	-0.6508857	-1.239763	-0.9880083
-0.3541716	-0.6759644	-1.226023	-1.105274
-0.3541716	-0.6759644	-1.226023	-1.105274
-0.3309666	-0.7044315	-1.172683	-1.216398
-0.3309666	-0.7044315	-1.172683	-1.216398
-0.2975297	-0.7461609	-0.9508134	-1.214253
-0.2975297	-0.7461609	-0.9508134	-1.214253
-0.2827671	-0.7646838	-0.8672788	-1.217544
-0.2827671	-0.7646838	-0.8672788	-1.217544
-0.2663834	-0.7855325	-0.7827569	-1.224582
-0.2663834	-0.7855325	-0.7827569	-1.224582
-0.2500249	-0.8037392	-0.7066219	-1.230291
-0.2500249	-0.8037392	-0.7066219	-1.230291
-0.1980787	-0.8257389	-0.5031841	-1.202395
-0.1980787	-0.8257389	-0.5031841	-1.202395
-0.180819	-0.8333058	-0.442173	-1.197866
-0.180819	-0.8333058	-0.4427792	-1.186018
-0.1528253	-0.8382321	-0.349369	-1.169472
-0.1528253	-0.8382321	-0.3496129	-1.160442
-0.08923607	-0.8386722	-0.1543206	-1.122411
-0.08923607	-0.8386722	-0.1543228	-1.12158
-0.07067158	-0.8365754	-0.1001915	-1.111605
-0.07067158	-0.8365754	-0.1001915	-1.111605
-0.04363019	-0.8360689	-0.02245199	-1.10638
-0.04363019	-0.8360689	-0.02245199	-1.10638
-0.04005751	-0.8329695	-0.01223007	-1.100312
-0.04005751	-0.8329695	-0.01223007	-1.100312
-0.0395583	-0.8322636	-0.01080208	-1.098956
-0.0395583	-0.8322636	-0.01080208	-1.098956
-0.03861238	-0.8310552	-0.008096402	-1.096638
-0.03861238	-0.8310552	-0.008096402	-1.096638
-0.0244951	-0.8133028	0.03229479	-1.063274
-0.0244951	-0.8133028	0.03229479	-1.063274
-0.002605257	-0.7876322	0.09530053	-1.018313
-0.002605257	-0.7876322	0.09530053	-1.018313
0.01636696	-0.7837233	0.1507762	-1.017428
0.01636696	-0.7837233	0.1507762	-1.017428
0.03682545	-0.7723195	0.2122269	-1.006371
0.03682545	-0.7723195	0.2122269	-1.006371
0.052793	-0.7534882	0.262201	-0.9820765
0.052793	-0.7534882	0.262201	-0.9820765
0.07907163	-0.7230633	0.3501038	-0.9495141
0.07907163	-0.7230633	0.3501038	-0.9495141
0.09823541	-0.7014668	0.4204845	-0.932191
0.09823541	-0.7014668	0.4204845	-0.932191
0.1227482	-0.6744657	0.5214275	-0.9180798
0.1227482	-0.6744657	0.5214275	-0.9180798
0.1658314	-0.6281942	0.7427641	-0.9147825
0.1658314	-0.6281942	0.7427641	-0.9147825
0.1869491	-0.6058537	0.8804875	-0.9227644
0.1869491	-0.6058537	0.8804875	-0.9227644
0.211273	-0.5805118	0.9395953	-0.8235659
0.211273	-0.5805118	0.9395953	-0.8235659
0.2436655	-0.5469613	0.9732752	-0.676371
0.2436655	-0.5469613	0.9732752	-0.676371
0.268146	-0.521423	1.006186	-0.5866072
0.268146	-0.521423	1.006186	-0.5866072
0.2845862	-0.5027795	1.030354	-0.5299349
0.2845862	-0.5027795	1.030354	-0.5299349
0.2989482	-0.4813183	1.049633	-0.4718643
0.2989482	-0.4813183	1.049633	-0.4718643
0.3081266	-0.4564106	1.055505	-0.410924
0.3081266	-0.4564106	1.055505	-0.410924
0.3242196	-0.431376	1.082822	-0.3525607
0.3242196	-0.431376	1.082822	-0.3525607
0.3236047	-0.4263786	1.078236	-0.3416819
0.3236047	-0.4263786	1.078236	-0.3416819
0.3293653	-0.4147828	1.087581	-0.316202
0.3293653	-0.4147828	1.087581	-0.316202
0.3345868	-0.3891007	1.089464	-0.2619668
0.3345868	-0.3891007	1.089464	-0.2619668
0.3365576	-0.3706352	1.087301	-0.2241477
0.3365576	-0.3706352	1.087301	-0.2241477
0.3390407	-0.3542301	1.088418	-0.1911626
0.3390407	-0.3542301	1.088418	-0.1911626
0.3400234	-0.330661	1.084342	-0.1446532
0.3400234	-0.330661	1.084342	-0.1446532
0.3427105	-0.2922114	1.084775	-0.07028607
0.3427105	-0.2922114	1.084775	-0.07028607
0.3433873	-0.2492593	1.084504	0.0116826
0.3433873	-0.2492593	1.084504	0.0116826
0.3444602	-0.2311116	1.088493	0.04629376
0.3444602	-0.2311116	1.088493	0.04629376
0.3462077	-0.1919479	1.099172	0.1215935
0.3462077	-0.1919479	1.099172	0.1215935
0.3461146	-0.1639472	1.106045	0.1763974
0.3461146	-0.1639472	1.106045	0.1763974
0.3458351	-0.1388139	1.113805	0.2266234
0.3458351	-0.1388139	1.113805	0.2266234
0.3445068	-0.1117668	1.121527	0.2821195
0.3445068	-0.1117668	1.121527	0.2821195
0.3425237	-0.06082422	1.143693	0.3917817
0.3425237	-0.06082422	1.143693	0.3917817
0.3429206	-0.03488711	1.161705	0.4505287
0.3429206	-0.03488711	1.161705	0.4505287
0.3325898	-0.003323013	1.157824	0.5276941
0.3325898	-0.003323013	1.157824	0.5276941
0.3363935	-0.0001967264	1.170193	0.5344278
0.3363935	-0.0001967264	1.170193	0.5344278
0.3363466	0.0002173801	1.170399	0.5354568
0.3363466	0.0002173801	1.170399	0.5354568
0.3350093	0.001628721	1.168046	0.539269
0.3350093	0.001628721	1.168046	0.539269
0.3207397	0.02134502	1.147879	0.59345
0.3207397	0.02134502	1.147879	0.59345
0.3106575	0.0661552	1.164876	0.7201186
0.3106575	0.0661552	1.164876	0.7201186
0.2998132	0.09197511	1.165809	0.8037246
0.2998132	0.09197511	1.165809	0.8037246
0.2833252	0.1274322	1.16823	0.9334654
0.2833252	0.1274322	1.16823	0.9334654
0.2513832	0.1699649	1.153729	1.138237
0.2513832	0.1699649	1.153729	1.138237
0.2368882	0.1892528	1.060045	1.151349
0.2368882	0.1892528	1.060045	1.151349
0.205429	0.2135105	0.8716758	1.12862
0.205429	0.2135105	0.8716758	1.12862
0.155472	0.2573152	0.6269389	1.119416
0.155472	0.2573152	0.6269389	1.119416
0.08027449	0.3046318	0.3476214	1.117253
0.08027449	0.3046318	0.3476214	1.117253
0.04423428	0.3256207	0.2336901	1.130202
0.04423428	0.3256207	0.2336901	1.130202
0.007605116	0.3453176	0.1248155	1.151021
0.007605116	0.3453176	0.1248595	1.118019
-0.04087196	0.3467641	-0.01455995	1.113921
-0.04087196	0.3467641	-0.01455995	1.111205
-0.04194906	0.3461034	-0.01764148	1.110012
-0.04194906	0.3461034	-0.01764148	1.110012
-0.04208041	0.3461927	-0.01801728	1.110186
-0.04208041	0.3461927	-0.01801728	1.110186
-0.0424219	0.3464248	-0.01899439	1.110635
-0.0424219	0.3464248	-0.01899439	1.110635
-0.04302606	0.3461927	-0.02072313	1.11023
-0.04302606	0.3461927	-0.02072313	1.11023
-0.04368272	0.3457819	-0.02260229	1.109503
-0.04368272	0.3457819	-0.02260229	1.109503
-0.05995438	0.334889	-0.06927454	1.091043
-0.05995438	0.334889	-0.06927454	1.091043
-0.08009146	0.3211558	-0.1276256	1.070632
-0.08009146	0.3211558	-0.1276256	1.070632
-0.08652031	0.3167263	-0.146482	1.064737
-0.08652031	0.3167263	-0.146482	1.064737
-0.1002158	0.3073477	-0.187171	1.053465
-0.1002158	0.3073477	-0.187171	1.053465
-0.1115352	0.2995747	-0.2214679	1.045348
-0.1115352	0.2995747	-0.2214679	1.045348
-0.1232925	0.2914776	-0.2578932	1.038095
-0.1232925	0.2914776	-0.2578932	1.038095
-0.1293785	0.2872759	-0.2771245	1.034818
-0.1293785	0.2872759	-0.2771245	1.034818
-0.1294303	0.2872401	-0.2772892	1.034791
-0.1294303	0.2872401	-0.2772892	1.034791
-0.1295079	0.2871865	-0.2775364	1.034752
-0.1295079	0.2871865	-0.2775364	1.034752
-0.1309567	0.2861851	-0.2821578	1.034022
-0.1309567	0.2861851	-0.2821578	1.034022
-0.1489672	0.2736988	-0.3411221	1.026522
-0.1489672	0.2736988	-0.3411221	1.026522
-0.1728371	0.2569569	-0.4245181	1.021002
-0.1728371	0.2569569	-0.4245181	1.021002
-0.1984075	0.2375188	-0.5227909	1.0187
-0.1984075	0.2375188	-0.5227909	1.0187
-0.2209387	0.2208311	-0.6189825	1.022801
-0.2209387	0.2208311	-0.6189825	1.022801
-0.2565606	0.1932771	-0.7957398	1.03763
-0.2565606	0.1932771	-0.7957398	1.03763
-0.277201	0.1776904	-0.9149482	1.052354
-0.277201	0.1776904	-0.9149482	1.052354
-0.2917947	0.1663614	-1.008595	1.064682
-0.2917947	0.1663614	-1.008595	1.064682
-0.3071466	0.1458399	-1.068544	1.011189
-0.3071466	0.1458399	-1.068544	1.011189
-0.3234154	0.1267208	-1.079265	0.9165463
-0.3234154	0.1267208	-1.079265	0.9165463
-0.3498355	0.08541046	-1.092081	0.7552533
-0.3498355	0.08541046	-1.092081	0.7552533
-0.3613982	0.05641958	-1.090219	0.6635706
-0.3613982	0.05641958	-1.090219	0.6635706
-0.3777356	0.03762016	-1.11314	0.605041
-0.3777356	0.03762016	-1.11314	0.605041
-0.3880154	-0.03642898	-1.081267	0.4215744
-0.3880154	-0.03642898	-1.081267	0.4215744
-0.4030737	-0.09567612	-1.087591	0.2916659
-0.4030737	-0.09567612	-1.087591	0.2916659
-0.4069639	-0.1276642	-1.084511	0.2265323
-0.4069639	-0.1276642	-1.084511	0.2265323
-0.4104429	-0.1813259	-1.078377	0.1219241
-0.4104429	-0.1813259	-1.078377	0.1219241
-0.4174354	-0.2813655	-1.093565	-0.0665051
-0.4174354	-0.2813655	-1.093565	-0.0665051
-0.4196762	-0.330835	-1.109427	-0.1607802
-0.4196762	-0.330835	-1.109427	-0.1607802
-0.4197201	-0.3808724	-1.126833	-0.2595402
-0.4197201	-0.3808724	-1.126833	-0.2595402
-0.4185344	-0.4493777	-1.15921	-0.4038138
-0.4185344	-0.4493777	-1.15921	-0.4038138
-0.4147273	-0.5243704	-1.202925	-0.579285
-0.4147273	-0.5243704	-1.202925	-0.579285
-0.4111507	-0.5747128	-1.237892	-0.71062
-0.4111507	-0.5747128	-1.237892	-0.71062
-0.4051871	-0.6154158	-1.263296	-0.8281466
-0.4051871	-0.6154158	-1.263296	-0.8281466
-0.3764845	-0.6641471	-1.250631	-1.006158
-0.3764845	-0.6641471	-1.250631	-1.006158
-0.3579398	-0.6869746	-1.237922	-1.110757
-0.3579398	-0.6869746	-1.237922	-1.110757
-0.3425704	-0.7060338	-1.230339	-1.209357
-0.3425704	-0.7060338	-1.230339	-1.209357
-0.324054	-0.7289865	-1.115037	-1.224612
-0.324054	-0.7289865	-1.115037	-1.224612
-0.2911188	-0.7696942	-0.9101408	-1.223619
-0.2911188	-0.7696942	-0.9101408	-1.223619
-0.275959	-0.7882056	-0.8290567	-1.226843
-0.275959	-0.7882056	-0.8290567	-1.226843
-0.2352464	-0.8171525	-0.6463926	-1.213258
-0.2352464	-0.8171525	-0.6463926	-1.213258
-0.2029056	-0.8416579	-0.5199276	-1.214703
-0.2029056	-0.8416579	-0.5203339	-1.20956
-0.182321	-0.8483484	-0.4473157	-1.199241
-0.182321	-0.8483484	-0.4479338	-1.187527
-0.1113532	-0.8507172	-0.2201583	-1.136262
-0.1113532	-0.8507172	-0.2201899	-1.131938
-0.09599353	-0.8461916	-0.1742964	-1.116078
-0.09599353	-0.8461916	-0.1742964	-1.116078
-0.08539706	-0.8349221	-0.1431182	-1.091067
-0.08539706	-0.8349221	-0.1431182	-1.091067
-0.08069283	-0.8294131	-0.1293678	-1.079247
-0.08069283	-0.8294131	-0.1293678	-1.079247
-0.07478134	-0.8220149	-0.1121595	-1.06371
-0.07478134	-0.8220149	-0.1121595	-1.06371
-0.07352512	-0.820424	-0.108512	-1.060403
-0.07352512	-0.820424	-0.108512	-1.060403
-0.06483007	-0.8100919	-0.0833469	-1.039047
-0.06483007	-0.8100919	-0.0833469	-1.039047
-0.03798173	-0.8038041	-0.006292609	-1.02408
-0.03798173	-0.8038041	-0.006292609	-1.02408
-0.00294736	-0.7853737	0.09432913	-0.9942949
-0.00294736	-0.7853737	0.09432913	-0.9942949
0.05363273	-0.7194796	0.2666076	-0.9044724
0.05363273	-0.7194796	0.2666076	-0.9044724
0.08926217	-0.6799905	0.3922106	-0.8710853
0.08926217	-0.6799905	0.3922106	-0.8710853
0.1225149	-0.6443027	0.5331305	-0.8573435
0.1225149	-0.6443027	0.5331305	-0.8573435
0.1498935	-0.6155763	0.6757775	-0.8586556
0.1498935	-0.6155763	0.6757775	-0.8586556
0.153031	-0.6123173	0.69411	-0.8595203
0.153031	-0.6123173	0.69411	-0.8595203
0.1530567	-0.612344	0.6942215	-0.859605
0.1530567	-0.612344	0.6942215	-0.859605
0.153288	-0.6121572	0.6955507	-0.8597514
0.153288	-0.6121572	0.6955507	-0.8597514
0.1573721	-0.6078712	0.7202018	-0.8610297
0.1573721	-0.6078712	0.7202018	-0.8610297
0.1745986	-0.5901271	0.8336038	-0.869381
0.1745986	-0.5901271	0.8336038	-0.869381
0.1933944	-0.5708453	0.8830494	-0.7972108
0.1933944	-0.5708453	0.8830494	-0.7972108
0.2123546	-0.5515136	0.9014618	-0.7060785
0.2123546	-0.5515136	0.9014618	-0.7060785
0.2355699	-0.5275732	0.9294437	-0.6125057
0.2355699	-0.5275732	0.9294437	-0.6125057
0.2477507	-0.5150804	0.9465606	-0.5699258
0.2477507	-0.5150804	0.9465606	-0.5699258
0.2512103	-0.5108037	0.951018	-0.5565116
0.2512103	-0.5108037	0.951018	-0.5565116
0.2556248	-0.5017799	0.9536847	-0.5304559
0.2556248	-0.5017799	0.9536847	-0.5304559
0.2556248	-0.5017311	0.9536407	-0.5303279
0.2556248	-0.5017311	0.9536407	-0.5303279
0.2616258	-0.4924054	0.9605163	-0.503831
0.2616258	-0.4924054	0.9605163	-0.503831
0.2639326	-0.4682737	0.9465213	-0.44322
0.2639326	-0.4682737	0.9465213	-0.44322
0.269369	-0.4357859	0.9370359	-0.3662308
0.269369	-0.4357859	0.9370359	-0.3662308
0.2716905	-0.417283	0.9313558	-0.3248965
0.2716905	-0.417283	0.9313558	-0.3248965
0.2743503	-0.3889204	0.9226803	-0.2643581
0.2743503	-0.3889204	0.9226803	-0.2643581
0.274521	-0.313711	0.8948442	-0.1155141
0.274521	-0.313711	0.8948442	-0.1155141
0.274521	-0.2721401	0.8882688	-0.03745155
0.274521	-0.2721401	0.8882688	-0.03745155
0.2736918	-0.241968	0.8853037	0.01857753
0.2736918	-0.241968	0.8853037	0.01857753
0.2744479	-0.211408	0.8904595	0.07555547
0.2744479	-0.211408	0.8904595	0.07555547
0.2758615	-0.1734227	0.9031566	0.147713
0.2758615	-0.1734227	0.9031566	0.147713
0.2786124	-0.165427	0.913414	0.1631563
0.2786124	-0.165427	0.913414	0.1631563
0.2880492	-0.1545504	0.9436533	0.184211
0.2880492	-0.1545504	0.9436533	0.184211
0.2811404	-0.1064312	0.9457985	0.2818318
0.2811404	-0.1064312	0.9457985	0.2818318
0.2793664	-0.08533261	0.9529143	0.3269447
0.2793664	-0.08533261	0.9529143	0.3269447
0.2787341	-0.07720984	0.9562109	0.344759
0.2787341	-0.07720984	0.9562109	0.344759
0.2703713	-0.0617075	0.9441237	0.3807187
0.2703713	-0.0617075	0.9441237	0.3807187
0.2659425	-0.020041	0.9643292	0.4809811
0.2659425	-0.020041	0.9643292	0.4809811
0.2604713	-0.002607097	0.9654357	0.5272899
0.2604713	-0.002607097	0.9654357	0.5272899
0.2190841	0.06188258	0.9330466	0.7455421
0.2190841	0.06188258	0.9330466	0.7455421
0.1811755	0.1007497	0.8550026	0.9019382
0.1811755	0.1007497	0.8550026	0.9019382
0.1541874	0.1202409	0.6912571	0.8788179
0.1541874	0.1202409	0.6912571	0.8788179
0.1260388	0.1474392	0.5456254	0.8738397
0.1260388	0.1474392	0.5456254	0.8738397
0.08147712	0.1878627	0.3625696	0.882441
0.08147712	0.1878627	0.3625696	0.882441
0.02320636	0.2281816	0.1717057	0.9068824
0.02320636	0.2281816	0.1717057	0.9068824
-0.0005526315	0.2443906	0.1013575	0.9266262
-0.0005526315	0.2443906	0.1013575	0.9266262
-0.01973428	0.2574227	0.04595014	0.9464307
-0.01973428	0.2574227	0.04595014	0.9464307
-0.04426055	0.2740567	-0.02425771	0.9764871
-0.04426055	0.2740567	-0.02425771	0.9764871
-0.06372937	0.2870077	-0.0801868	1.003407
-0.06372937	0.2870077	-0.0801868	1.003407
-0.06543277	0.2881342	-0.0851068	1.005891
-0.06543277	0.2881342	-0.0851068	1.005891
-0.07025262	0.2913882	-0.0990589	1.013156
-0.07025262	0.2913882	-0.0990589	1.013156
-0.0990954	0.3064722	-0.183824	1.052041
-0.0990954	0.3064722	-0.183824	1.052041
-0.09935598	0.3063293	-0.1846046	1.051908
-0.09935598	0.3063293	-0.1846046	1.051908
-0.1035494	0.3035955	-0.1972142	1.049061
-0.1035494	0.3035955	-0.1972142	1.049061
-0.128628	0.2871149	-0.2747405	1.03506
-0.128628	0.2871149	-0.2747405	1.03506
-0.1468046	0.2746293	-0.3338725	1.02754
-0.1468046	0.2746293	-0.3338725	1.02754
-0.1593223	0.2659123	-0.3764545	1.023963
-0.1593223	0.2659123	-0.3764545	1.023963
-0.1744455	0.2553264	-0.4303383	1.021549
-0.1744455	0.2553264	-0.4303383	1.021549
-0.1851191	0.2477441	-0.4702362	1.020986
-0.1851191	0.2477441	-0.4702362	1.020986
-0.1941293	0.2411975	-0.5052969	1.021129
-0.1941293	0.2411975	-0.5052969	1.021129
-0.2037891	0.2342339	-0.5444002	1.022255
-0.2037891	0.2342339	-0.5444002	1.022255
-0.2130335	0.2273552	-0.5834984	1.023836
-0.2130335	0.2273552	-0.5834984	1.023836
-0.2327812	0.2128807	-0.6729561	1.030354
-0.2327812	0.2128807	-0.6729561	1.030354
-0.2436655	0.2049226	-0.7261673	1.035575
-0.2436655	0.2049226	-0.7261673	1.035575
-0.2540969	0.1969926	-0.7802711	1.041174
-0.2540969	0.1969926	-0.7802711	1.041174
-0.2676321	0.1864362	-0.8554528	1.049583
-0.2676321	0.1864362	-0.8554528	1.049583
-0.2848043	0.1709062	-0.9617985	1.059767
-0.2848043	0.1709062	-0.9617985	1.059767
-0.2918189	0.1656187	-1.00749	1.0662
-0.2918189	0.1656187	-1.00749	1.0662
-0.3043227	0.1556468	-1.078006	1.061731
-0.3043227	0.1556468	-1.078006	1.061731
-0.3213795	0.1352509	-1.087925	0.957096
-0.3213795	0.1352509	-1.087925	0.957096
-0.3283989	0.1126368	-1.07621	0.8701125
-0.3283989	0.1126368	-1.07621	0.8701125
-0.3385257	0.09101952	-1.074648	0.7899961
-0.3385257	0.09101952	-1.074648	0.7899961
-0.3490689	0.0684284	-1.075353	0.7135965
-0.3490689	0.0684284	-1.075353	0.7135965
-0.3661101	-0.01013201	-1.045938	0.4968687
-0.3661101	-0.01013201	-1.045938	0.4968687
-0.3795305	-0.02705652	-1.068073	0.4534538
-0.3795305	-0.02705652	-1.068073	0.4534538
-0.3933477	-0.04999727	-1.089182	0.3992055
-0.3933477	-0.04999727	-1.089182	0.3992055
-0.3981871	-0.1296733	-1.061056	0.2323416
-0.3981871	-0.1296733	-1.061056	0.2323416
-0.4019598	-0.1619889	-1.060518	0.1691041
-0.4019598	-0.1619889	-1.060518	0.1691041
-0.4078069	-0.2076935	-1.067179	0.08242291
-0.4078069	-0.2076935	-1.067179	0.08242291
-0.4141541	-0.2708769	-1.082732	-0.03509257
-0.4141541	-0.2708769	-1.082732	-0.03509257
-0.4186223	-0.3478893	-1.109315	-0.1803259
-0.4186223	-0.3478893	-1.109315	-0.1803259
-0.4180729	-0.3888978	-1.122508	-0.2608622
-0.4180729	-0.3888978	-1.122508	-0.2608622
-0.4160932	-0.4845146	-1.170184	-0.4642524
-0.4160932	-0.4845146	-1.170184	-0.4642524
-0.4139556	-0.5427276	-1.208708	-0.6029708
-0.4139556	-0.5427276	-1.208708	-0.6029708
-0.4096461	-0.5783857	-1.228923	-0.6961745
-0.4096461	-0.5783857	-1.228923	-0.6961745
-0.4018929	-0.6215311	-1.251691	-0.8198001
-0.4018929	-0.6215311	-1.251691	-0.8198001
-0.3812775	-0.6573705	-1.241925	-0.9455298
-0.3812775	-0.6573705	-1.241925	-0.9455298
-0.3511587	-0.6944682	-1.219788	-1.110465
-0.3511587	-0.6944682	-1.219788	-1.110465
-0.3399532	-0.7084275	-1.214212	-1.182266
-0.3399532	-0.7084275	-1.214212	-1.182266
-0.3261336	-0.7254698	-1.142595	-1.209001
-0.3261336	-0.7254698	-1.142595	-1.209001
-0.3069314	-0.749451	-1.012808	-1.205685
-0.3069314	-0.749451	-1.012808	-1.205685
-0.2761295	-0.7834063	-0.8379161	-1.20213
-0.2761295	-0.7834063	-0.8379161	-1.20213
-0.2552552	-0.8094054	-0.7342298	-1.209997
-0.2552552	-0.8094054	-0.7342298	-1.209997
-0.2446071	-0.820424	-0.6863322	-1.212234
-0.2446071	-0.820424	-0.6863322	-1.212234
-0.1960794	-0.8265058	-0.4990477	-1.160571
-0.1960794	-0.8265058	-0.4990477	-1.160571
-0.1679553	-0.8351243	-0.4004233	-1.1463
-0.1679553	-0.8351243	-0.4004233	-1.1463
-0.1370822	-0.8389432	-0.299798	-1.127134
-0.1370822	-0.8389432	-0.299798	-1.127134
-0.0950287	-0.8468415	-0.1714342	-1.116848
-0.0950287	-0.8468415	-0.1714342	-1.116848
-0.08134641	-0.851715	-0.1312079	-1.120566
-0.08134641	-0.851715	-0.1312108	-1.118727
-0.08111113	-0.852025	-0.1305233	-1.11922
-0.08111113	-0.852025	-0.1305242	-1.118649
-0.07724076	-0.857139	-0.1192372	-1.126848
-0.07724076	-0.857139	-0.1192485	-1.11742
-0.0762728	-0.8584228	-0.1164314	-1.119487
-0.0762728	-0.8584228	-0.1164341	-1.11713
-0.07504302	-0.8590134	-0.1128604	-1.117855
-0.07504302	-0.8590134	-0.1128616	-1.116771
-0.0738392	-0.8593609	-0.109367	-1.117067
-0.0738392	-0.8593609	-0.1093676	-1.11643
-0.06503972	-0.8662059	-0.08391133	-1.126833
-0.06503972	-0.8662059	-0.08391662	-1.114258
-0.01870834	-0.8432571	0.04888123	-1.070182
-0.01870834	-0.8432571	0.04888123	-1.070182
-0.008184028	-0.829547	0.07915564	-1.046929
-0.008184028	-0.829547	0.07915564	-1.046929
-0.001842103	-0.8215837	0.0974992	-1.033928
-0.001842103	-0.8215837	0.0974992	-1.033928
-0.001868419	-0.8214842	0.09742308	-1.033739
-0.001868419	-0.8214842	0.09742308	-1.033739
0.004526285	-0.8133356	0.1160247	-1.020781
0.004526285	-0.8133356	0.1160247	-1.020781
0.02796639	-0.7846434	0.18557	-0.9788147
0.02796639	-0.7846434	0.18557	-0.9788147
0.0359319	-0.7752038	0.2098854	-0.9664062
0.0359319	-0.7752038	0.2098854	-0.9664062
0.06349349	-0.7432462	0.2981597	-0.9302337
0.06349349	-0.7432462	0.2981597	-0.9302337
0.08166011	-0.7228556	0.3612503	-0.9125515
0.08166011	-0.7228556	0.3612503	-0.9125515
0.09716673	-0.7053343	0.4194586	-0.9005932
0.09716673	-0.7053343	0.4194586	-0.9005932
0.1148606	-0.6857739	0.4921204	-0.8915637
0.1148606	-0.6857739	0.4921204	-0.8915637
0.1394831	-0.6589004	0.607713	-0.886618
0.1394831	-0.6589004	0.607713	-0.886618
0.1632704	-0.633347	0.7404644	-0.8903053
0.1632704	-0.633347	0.7404644	-0.8903053
0.1896662	-0.605562	0.9039927	-0.8883001
0.1896662	-0.605562	0.9039927	-0.8883001
0.2234425	-0.570099	0.9343458	-0.7166176
0.2234425	-0.570099	0.9343458	-0.7166176
0.2395472	-0.5526796	0.952967	-0.6495263
0.2395472	-0.5526796	0.952967	-0.6495263
0.2587014	-0.5326295	0.9794607	-0.5814443
0.2587014	-0.5326295	0.9794607	-0.5814443
0.2697113	-0.5212746	0.9964975	-0.5465124
0.2697113	-0.5212746	0.9964975	-0.5465124
0.2788314	-0.5116628	1.011287	-0.5187553
0.2788314	-0.5116628	1.011287	-0.5187553
0.281529	-0.5083521	1.015423	-0.5096619
0.281529	-0.5083521	1.015423	-0.5096619
0.2823545	-0.5075196	1.016852	-0.5073502
0.2823545	-0.5075196	1.016852	-0.5073502
0.2823545	-0.5075196	1.016852	-0.5073502
0.2823545	-0.5075196	1.016852	-0.5073502
0.2823545	-0.5075196	1.016852	-0.5073502
0.2823545	-0.5075196	1.016852	-0.5073502
0.2823545	-0.5075196	1.016852	-0.5073502
0.2823545	-0.5075196	1.016852	-0.5073502
0.2823545	-0.5075196	1.016852	-0.5073502
0.2823545	-0.5075196	1.016852	-0.5073502
0.2823545	-0.5075196	1.016852	-0.5073502
0.2823545	-0.5075196	1.016852	-0.5073502
0.2823545	-0.5075196	1.016852	-0.5073502
0.2823545	-0.5075196	1.016852	-0.5073502
0.2823545	-0.5075196	1.016852	-0.5073502
0.2823545	-0.5075196	1.016852	-0.5073502
0.2823545	-0.5075685	1.016892	-0.5074704
0.2823545	-0.5075685	1.016892	-0.5074704
0.2820147	-0.5083521	1.016665	-0.5095052
0.2820147	-0.5083521	1.016665	-0.5095052
0.27086	-0.5210519	0.9991838	-0.5454682
0.27086	-0.5210519	0.9991838	-0.5454682
0.2437894	-0.5513362	0.9616476	-0.6425372
0.2437894	-0.5513362	0.9616476	-0.6425372
0.2065889	-0.6307947	0.9709157	-0.9521956
0.2065889	-0.6307947	0.9709157	-0.9521956
0.1808699	-0.6587891	0.8122385	-0.9583696
0.1808699	-0.6587891	0.8122385	-0.9583696
0.1586296	-0.6835193	0.6839013	-0.9549828
0.1586296	-0.6835193	0.6839013	-0.9549828
0.1347314	-0.7105635	0.5663353	-0.9591913
0.1347314	-0.7105635	0.5663353	-0.9591913
0.1125487	-0.7366911	0.4715835	-0.9713688
0.1125487	-0.7366911	0.4715835	-0.9713688
0.1052153	-0.746313	0.4425975	-0.9784274
0.1052153	-0.746313	0.4425975	-0.9784274
0.1059439	-0.7610911	0.4430551	-1.003997
0.1059439	-0.7610911	0.4430551	-1.003997
0.09487223	-0.7744504	0.4019445	-1.014348
0.09487223	-0.7744504	0.4019445	-1.014348
0.09500262	-0.7742935	0.4024168	-1.014219
0.09500262	-0.7742935	0.4024168	-1.014219
0.09510694	-0.7741681	0.4027949	-1.014115
0.09510694	-0.7741681	0.4027949	-1.014115
0.09510694	-0.7741681	0.4027949	-1.014115
0.09510694	-0.7741681	0.4027949	-1.014115
0.09539379	-0.7738231	0.4038354	-1.013831
0.09539379	-0.7738231	0.4038354	-1.013831
0.09568063	-0.7734156	0.404884	-1.013442
0.09568063	-0.7734156	0.404884	-1.013442
0.09719279	-0.7711622	0.4104469	-1.011227
0.09719279	-0.7711622	0.4104469	-1.011227
0.1136658	-0.7512839	0.4731256	-0.9968534
0.1136658	-0.7512839	0.4731256	-0.9968534
0.1250545	-0.7380165	0.5195299	-0.9896635
0.1250545	-0.7380165	0.5195299	-0.9896635
0.1416502	-0.7189772	0.5926183	-0.9825684
0.1416502	-0.7189772	0.5926183	-0.9825684
0.1676228	-0.6897244	0.723173	-0.9793052
0.1676228	-0.6897244	0.723173	-0.9793052
0.1880667	-0.6669766	0.8436018	-0.983139
0.1880667	-0.6669766	0.8436018	-0.983139
0.2028046	-0.6506094	0.9425425	-0.9891737
0.2028046	-0.6506094	0.9425425	-0.9891737
0.2139383	-0.6384696	0.9957791	-0.9674424
0.2139383	-0.6384696	0.9957791	-0.9674424
0.2188584	-0.6329665	0.9989918	-0.9379812
0.2188584	-0.6329665	0.9989918	-0.9379812
0.2188333	-0.6329393	0.9989055	-0.9379242
0.2188333	-0.6329393	0.9989055	-0.9379242
0.2188333	-0.6329393	0.9989055	-0.9379242
0.2188333	-0.6329393	0.9989055	-0.9379242
0.2187832	-0.6329937	0.998869	-0.9382113
0.2187832	-0.6329937	0.998869	-0.9382113
0.2187079	-0.6329122	0.99861	-0.9380404
0.2187079	-0.6329122	0.99861	-0.9380404
0.2186578	-0.6329122	0.9985054	-0.938127
0.2186578	-0.6329122	0.9985054	-0.938127
0.2186327	-0.6329393	0.9984872	-0.9382706
0.2186327	-0.6329393	0.9984872	-0.9382706
0.2184572	-0.6328035	0.9979509	-0.9380727
0.2184572	-0.6328035	0.9979509	-0.9380727
0.2183067	-0.6328035	0.9976374	-0.9383333
0.2183067	-0.6328035	0.9976374	-0.9383333
0.2179806	-0.6326133	0.9967194	-0.9381962
0.2179806	-0.6326133	0.9967194	-0.9381962
0.2178552	-0.6326405	0.9964923	-0.9385146
0.2178552	-0.6326405	0.9964923	-0.9385146
0.2174538	-0.6330752	0.9962035	-0.9408253
0.2174538	-0.6330752	0.9962035	-0.9408253
0.2173032	-0.6332927	0.9961643	-0.9418963
0.2173032	-0.6332927	0.9961643	-0.9418963
0.2170523	-0.6335645	0.9959852	-0.9433475
0.2170523	-0.6335645	0.9959852	-0.9433475
0.216977	-0.6334829	0.9957262	-0.9431772
0.216977	-0.6334829	0.9957262	-0.9431772
0.2156716	-0.6320701	0.9912359	-0.9402305
0.2156716	-0.6320701	0.9912359	-0.9402305
0.206967	-0.6226613	0.961322	-0.9206862
0.206967	-0.6226613	0.961322	-0.9206862
0.1915183	-0.6063312	0.9087626	-0.8876806
0.1915183	-0.6063312	0.9087626	-0.8876806
0.1587066	-0.5727001	0.7749761	-0.7988676
0.1587066	-0.5727001	0.7749761	-0.7988676
0.1364107	-0.5505258	0.6706512	-0.7255192
0.1364107	-0.5505258	0.6706512	-0.7255192
0.1121069	-0.5269022	0.5590017	-0.6469175
0.1121069	-0.5269022	0.5590017	-0.6469175
0.07784239	-0.4946095	0.4072225	-0.5392472
0.07784239	-0.4946095	0.4072225	-0.5392472
0.02775603	-0.4490962	0.2051383	-0.3916546
0.02775603	-0.4490962	0.2051383	-0.3916546
-0.006552538	-0.4188219	0.08696662	-0.303232
-0.006552538	-0.4188219	0.08696662	-0.303232
-0.05323911	-0.3784525	-0.05122779	-0.2231791
-0.05323911	-0.3784525	-0.05122779	-0.2231791
-0.1319913	-0.3121821	-0.2914667	-0.1018058
-0.1319913	-0.3121821	-0.2914667	-0.1018058
-0.1517455	-0.2957272	-0.3381588	-0.06725742
-0.1517455	-0.2957272	-0.3381588	-0.06725742
-0.1860851	-0.2670505	-0.4300849	-0.01343484
-0.1860851	-0.2670505	-0.4300849	-0.01343484
-0.2266681	-0.2321224	-0.5482811	0.05077814
-0.2266681	-0.2321224	-0.5482811	0.05077814
-0.290998	-0.1784067	-0.744978	0.1520427
-0.290998	-0.1784067	-0.744978	0.1520427
-0.3230605	-0.148565	-0.8464921	0.209805
-0.3230605	-0.148565	-0.8464921	0.209805
-0.3341641	-0.1034067	-0.900157	0.3020699
-0.3341641	-0.1034067	-0.900157	0.3020699
-0.3400935	-0.04161238	-0.9576911	0.4396866
-0.3400935	-0.04161238	-0.9576911	0.4396866
-0.3398596	-0.01782583	-0.9760809	0.4973842
-0.3398596	-0.01782583	-0.9760809	0.4973842
-0.338432	0.008695336	-0.9955271	0.5655676
-0.338432	0.008695336	-0.9955271	0.5655676
-0.3374483	0.04151027	-1.024184	0.6551104
-0.3374483	0.04151027	-1.024184	0.6551104
-0.3355725	0.08019952	-1.059709	0.7696786
-0.3355725	0.08019952	-1.059709	0.7696786
-0.3344929	0.1037197	-1.083154	0.8441821
-0.3344929	0.1037197	-1.083154	0.8441821
-0.3287996	0.142167	-1.115539	0.9800749
-0.3287996	0.142167	-1.115539	0.9800749
-0.3081983	0.1581867	-1.092347	1.073423
-0.3081983	0.1581867	-1.092347	1.073423
-0.2947129	0.1687338	-1.018119	1.079153
-0.2947129	0.1687338	-1.018119	1.079153
-0.28012	0.1800044	-0.9251047	1.066461
-0.28012	0.1800044	-0.9251047	1.066461
-0.262215	0.1933853	-0.8213758	1.052847
-0.262215	0.1933853	-0.8213758	1.052847
-0.2484926	0.2034274	-0.7485735	1.044068
-0.2484926	0.2034274	-0.7485735	1.044068
-0.2484926	0.2034274	-0.7485735	1.044068
-0.2484926	0.2034274	-0.7485735	1.044068
-0.2484926	0.2034274	-0.7485735	1.044068
-0.2484926	0.2034274	-0.7485735	1.044068
-0.2484679	0.2034094	-0.7484667	1.044
-0.2484679	0.2034094	-0.7484667	1.044
-0.2484926	0.2033553	-0.7486131	1.04396
-0.2484926	0.2033553	-0.7486131	1.04396
-0.2484926	0.2033553	-0.7486131	1.04396
-0.2484926	0.2033553	-0.7486131	1.04396
-0.2485173	0.2033733	-0.7487197	1.044028
-0.2485173	0.2033733	-0.7487197	1.044028
-0.248542	0.2033913	-0.7488264	1.044096
-0.248542	0.2033913	-0.7488264	1.044096
-0.2485173	0.2033733	-0.7487197	1.044028
-0.2485173	0.2033733	-0.7487197	1.044028
-0.2485173	0.2033733	-0.7487197	1.044028
-0.2485173	0.2033733	-0.7487197	1.044028
-0.2486162	0.2031931	-0.7492852	1.043925
-0.2486162	0.2031931	-0.7492852	1.043925
-0.2487893	0.2028868	-0.7502708	1.043758
-0.2487893	0.2028868	-0.7502708	1.043758
-0.2491847	0.2024904	-0.7523599	1.043829
-0.2491847	0.2024904	-0.7523599	1.043829
-0.2532092	0.1993004	-0.7734037	1.045896
-0.2532092	0.1993004	-0.7734037	1.045896
-0.2532832	0.1992103	-0.7738138	1.045889
-0.2532832	0.1992103	-0.7738138	1.045889
-0.2708111	0.1858945	-0.870733	1.057516
-0.2708111	0.1858945	-0.870733	1.057516
-0.2876621	0.1731141	-0.9732755	1.071341
-0.2876621	0.1731141	-0.9732755	1.071341
-0.2992606	0.1632088	-1.051176	1.08084
-0.2992606	0.1632088	-1.051176	1.08084
-0.3187476	0.1454945	-1.098217	1.007405
-0.3187476	0.1454945	-1.098217	1.007405
-0.3255667	0.1396018	-1.105494	0.9758167
-0.3255667	0.1396018	-1.105494	0.9758167
-0.3294595	0.1359429	-1.109474	0.9574943
-0.3294595	0.1359429	-1.109474	0.9574943
-0.3389471	0.1270856	-1.119817	0.9152194
-0.3389471	0.1270856	-1.119817	0.9152194
-0.3447166	0.1194006	-1.123887	0.8834828
-0.3447166	0.1194006	-1.123887	0.8834828
-0.3443669	0.1190901	-1.122749	0.8828646
-0.3443669	0.1190901	-1.122749	0.8828646
-0.3463475	0.1087571	-1.115652	0.8479117
-0.3463475	0.1087571	-1.115652	0.8479117
-0.3513211	0.1048009	-1.122683	0.8307897
-0.3513211	0.1048009	-1.122683	0.8307897
-0.3512515	0.1047459	-1.122463	0.830685
-0.3512515	0.1047459	-1.122463	0.830685
-0.3512515	0.1047093	-1.122423	0.8305715
-0.3512515	0.1047093	-1.122423	0.8305715
-0.3512515	0.1047093	-1.122423	0.8305715
-0.3512515	0.1047093	-1.122423	0.8305715
-0.3512515	0.1047093	-1.122423	0.8305715
-0.3512515	0.1047093	-1.122423	0.8305715
-0.3512515	0.1047093	-1.122423	0.8305715
-0.3512515	0.1047093	-1.122423	0.8305715
-0.3512515	0.1047093	-1.122423	0.8305715
-0.3512515	0.1047093	-1.122423	0.8305715
-0.3512515	0.1047459	-1.122463	0.830685
-0.3512515	0.1047459	-1.122463	0.830685
-0.3512747	0.1047643	-1.122536	0.8307196
-0.3512747	0.1047643	-1.122536	0.8307196
-0.3512747	0.1047643	-1.122536	0.8307196
-0.3512747	0.1047643	-1.122536	0.8307196
-0.3512747	0.1047643	-1.122536	0.8307196
-0.3512747	0.1047643	-1.122536	0.8307196
-0.350973	0.1043795	-1.121424	0.8298134
-0.350973	0.1043795	-1.121424	0.8298134
-0.34474	0.09891541	-1.101142	0.8187697
-0.34474	0.09891541	-1.101142	0.8187697
-0.3543799	0.07232503	-1.095608	0.7314318
-0.3543799	0.07232503	-1.095608	0.7314318
-0.3639286	0.04446703	-1.091505	0.6481317
-0.3639286	0.04446703	-1.091505	0.6481317
-0.365169	0.01872515	-1.071314	0.5801161
-0.365169	0.01872515	-1.071314	0.5801161
-0.3708964	0.004806767	-1.074002	0.5430585
-0.3708964	0.004806767	-1.074002	0.5430585
-0.3712164	-0.02886035	-1.048454	0.4622267
-0.3712164	-0.02886035	-1.048454	0.4622267
-0.3746625	-0.1139199	-1.00535	0.2770735
-0.3746625	-0.1139199	-1.00535	0.2770735
-0.3790536	-0.165507	-0.9968317	0.1752517
-0.3790536	-0.165507	-0.9968317	0.1752517
-0.3826371	-0.2207644	-0.9945873	0.07155474
-0.3826371	-0.2207644	-0.9945873	0.07155474
-0.3873387	-0.2740785	-1.005814	-0.02631274
-0.3873387	-0.2740785	-1.005814	-0.02631274
-0.3937966	-0.3559516	-1.039007	-0.1788938
-0.3937966	-0.3559516	-1.039007	-0.1788938
-0.3971581	-0.3982336	-1.064251	-0.261299
-0.3971581	-0.3982336	-1.064251	-0.261299
-0.4002424	-0.4429162	-1.095075	-0.3525912
-0.4002424	-0.4429162	-1.095075	-0.3525912
-0.4036302	-0.5133828	-1.150133	-0.5080406
-0.4036302	-0.5133828	-1.150133	-0.5080406
-0.4007556	-0.5619713	-1.181624	-0.6268278
-0.4007556	-0.5619713	-1.181624	-0.6268278
-0.3971358	-0.6153891	-1.221756	-0.770301
-0.3971358	-0.6153891	-1.221756	-0.770301
-0.3719018	-0.6655748	-1.215317	-0.9400023
-0.3719018	-0.6655748	-1.215317	-0.9400023
-0.3414494	-0.7031806	-1.193452	-1.109108
-0.3414494	-0.7031806	-1.193452	-1.109108
-0.3270307	-0.7211958	-1.169373	-1.186863
-0.3270307	-0.7211958	-1.169373	-1.186863
-0.3149934	-0.7363601	-1.082127	-1.18331
-0.3149934	-0.7363601	-1.082127	-1.18331
-0.3007257	-0.7545003	-0.987642	-1.181466
-0.3007257	-0.7545003	-0.987642	-1.181466
-0.3007497	-0.7544697	-0.9877936	-1.181467
-0.3007497	-0.7544697	-0.9877936	-1.181467
-0.3007257	-0.7545003	-0.987642	-1.181466
-0.3007257	-0.7545003	-0.987642	-1.181466
-0.3007257	-0.7545003	-0.987642	-1.181466
-0.3007257	-0.7545003	-0.987642	-1.181466
-0.3004376	-0.7548687	-0.9858255	-1.181455
-0.3004376	-0.7548687	-0.9858255	-1.181455
-0.2953393	-0.7613384	-0.9542904	-1.181363
-0.2953393	-0.7613384	-0.9542904	-1.181363
-0.2867423	-0.7724134	-0.9033344	-1.182127
-0.2867423	-0.7724134	-0.9033344	-1.182127
-0.2600782	-0.8047134	-0.762493	-1.186773
-0.2600782	-0.8047134	-0.762493	-1.186773
-0.2455235	-0.8241075	-0.6935152	-1.195396
-0.2455235	-0.8241075	-0.6935152	-1.195396
-0.2157218	-0.8464652	-0.5705771	-1.191788
-0.2157218	-0.8464652	-0.5705771	-1.191788
-0.1857038	-0.8481085	-0.461462	-1.160106
-0.1857038	-0.8481085	-0.461462	-1.160106
-0.1314223	-0.8540251	-0.2820373	-1.12263
-0.1314223	-0.8540251	-0.2820373	-1.12263
-0.1096635	-0.845884	-0.2153577	-1.094472
-0.1096635	-0.845884	-0.2153577	-1.094472
-0.08761721	-0.8221807	-0.1497788	-1.041065
-0.08761721	-0.8221807	-0.1497788	-1.041065
-0.03711453	-0.7948605	-0.003812287	-0.9804175
-0.03711453	-0.7948605	-0.003812287	-0.9804175
-0.01684051	-0.7702561	0.05426318	-0.9368939
-0.01684051	-0.7702561	0.05426318	-0.9368939
0.0008157893	-0.7494815	0.1053801	-0.9033502
0.0008157893	-0.7494815	0.1053801	-0.9033502
0.02168081	-0.7252319	0.1673689	-0.8685302
0.02168081	-0.7252319	0.1673689	-0.8685302
0.04993214	-0.6914756	0.2566486	-0.8281134
0.04993214	-0.6914756	0.2566486	-0.8281134
0.06765972	-0.671672	0.3177655	-0.8106297
0.06765972	-0.671672	0.3177655	-0.8106297
0.09129812	-0.6460616	0.4085721	-0.7956591
0.09129812	-0.6460616	0.4085721	-0.7956591
0.1299995	-0.6046872	0.5927428	-0.7900818
0.1299995	-0.6046872	0.5927428	-0.7900818
0.1507168	-0.5827718	0.7180508	-0.7967375
0.1507168	-0.5827718	0.7180508	-0.7967375
0.1696687	-0.5618179	0.8072086	-0.760308
0.1696687	-0.5618179	0.8072086	-0.760308
0.1963579	-0.5316565	0.8300639	-0.6228632
0.1963579	-0.5316565	0.8300639	-0.6228632
0.2220657	-0.5053185	0.8638828	-0.5270846
0.2220657	-0.5053185	0.8638828	-0.5270846
0.2356196	-0.490519	0.8839156	-0.481499
0.2356196	-0.490519	0.8839156	-0.481499
0.2388517	-0.4586053	0.8658621	-0.4016616
0.2388517	-0.4586053	0.8658621	-0.4016616
0.2456968	-0.4116232	0.8517857	-0.2944515
0.2456968	-0.4116232	0.8517857	-0.2944515
0.2581849	-0.3524664	0.857756	-0.1733496
0.2581849	-0.3524664	0.857756	-0.1733496
0.2650849	-0.319105	0.8673428	-0.1096608
0.2650849	-0.319105	0.8673428	-0.1096608
0.2707623	-0.2818523	0.8776672	-0.0405892
0.2707623	-0.2818523	0.8776672	-0.0405892
0.2751792	-0.2438142	0.8898401	0.02915745
0.2751792	-0.2438142	0.8898401	0.02915745
0.2770306	-0.2347446	0.8958272	0.04581768
0.2770306	-0.2347446	0.8958272	0.04581768
0.2831796	-0.2294418	0.9139294	0.05557522
0.2831796	-0.2294418	0.9139294	0.05557522
0.2879766	-0.2253247	0.9281057	0.06316128
0.2879766	-0.2253247	0.9281057	0.06316128
0.2907807	-0.2221191	0.9365208	0.06907552
0.2907807	-0.2221191	0.9365208	0.06907552
0.2936041	-0.2066334	0.9470662	0.09777599
0.2936041	-0.2066334	0.9470662	0.09777599
0.2942068	-0.151864	0.9642464	0.2018837
0.2942068	-0.151864	0.9642464	0.2018837
0.2939175	-0.1280384	0.9733272	0.2490195
0.2939175	-0.1280384	0.9733272	0.2490195
0.293363	-0.1112191	0.9798951	0.2831971
0.293363	-0.1112191	0.9798951	0.2831971
0.2944719	-0.09581222	0.9911261	0.3150993
0.2944719	-0.09581222	0.9911261	0.3150993
0.2939899	-0.08358997	0.9968339	0.3410432
0.2939899	-0.08358997	0.9968339	0.3410432
0.2954356	-0.0553961	1.018576	0.4024998
0.2954356	-0.0553961	1.018576	0.4024998
0.2986598	-0.04724425	1.032694	0.4202686
0.2986598	-0.04724425	1.032694	0.4202686
0.2964709	-0.02104496	1.046037	0.4813392
0.2964709	-0.02104496	1.046037	0.4813392
0.2909739	0.02755015	1.072541	0.6040142
0.2909739	0.02755015	1.072541	0.6040142
0.2819904	0.06746753	1.088718	0.7180618
0.2819904	0.06746753	1.088718	0.7180618
0.2756422	0.08029165	1.086901	0.760146
0.2756422	0.08029165	1.086901	0.760146
0.2735455	0.09563019	1.09841	0.8082923
0.2735455	0.09563019	1.09841	0.8082923
0.2679258	0.1009514	1.091381	0.8302294
0.2679258	0.1009514	1.091381	0.8302294
0.2639326	0.1157274	1.09905	0.8819101
0.2639326	0.1157274	1.09905	0.8819101
0.2532339	0.130459	1.092815	0.9450496
0.2532339	0.130459	1.092815	0.9450496
0.2525185	0.1311334	1.092078	0.9483922
0.2525185	0.1311334	1.092078	0.9483922
0.2430458	0.1438219	1.087438	1.008145
0.2430458	0.1438219	1.087438	1.008145
0.2423764	0.148493	1.091879	1.026443
0.2423764	0.148493	1.091879	1.026443
0.2422276	0.1486384	1.091751	1.027238
0.2422276	0.1486384	1.091751	1.027238
0.2403418	0.1503822	1.090029	1.037032
0.2403418	0.1503822	1.090029	1.037032
0.2403666	0.150473	1.090195	1.037326
0.2403666	0.150473	1.090195	1.037326
0.2402425	0.1506728	1.09019	1.038294
0.2402425	0.1506728	1.09019	1.038294
0.2402176	0.1507273	1.090208	1.038541
0.2402176	0.1507273	1.090208	1.038541
0.2398452	0.1509634	1.089735	1.040092
0.2398452	0.1509634	1.089735	1.040092
0.2398452	0.1509634	1.089735	1.040092
0.2398452	0.1509634	1.089735	1.040092
0.2362913	0.1535234	1.085671	1.056292
0.2362913	0.1535234	1.085671	1.056292
0.214466	0.1691321	0.968166	1.062802
0.214466	0.1691321	0.968166	1.062802
0.2121031	0.1696753	0.9543866	1.059002
0.2121031	0.1696753	0.9543866	1.059002
0.2114491	0.1692045	0.9512106	1.05711
0.2114491	0.1692045	0.9512106	1.05711
0.2105182	0.1685346	0.9466934	1.054417
0.2105182	0.1685346	0.9466934	1.054417
0.2080254	0.1667055	0.9346585	1.047165
0.2080254	0.1667055	0.9346585	1.047165
0.2079498	0.1665787	0.9343634	1.046848
0.2079498	0.1665787	0.9343634	1.046848
0.1988374	0.1598551	0.8907263	1.020366
0.1988374	0.1598551	0.8907263	1.020366
0.1785262	0.1453309	0.7949746	0.9624759
0.1785262	0.1453309	0.7949746	0.9624759
0.1467531	0.1210993	0.6520327	0.8713807
0.1467531	0.1210993	0.6520327	0.8713807
0.1307757	0.09992437	0.5878191	0.8130524
0.1307757	0.09992437	0.5878191	0.8130524
0.1121849	0.06506435	0.5193078	0.7301665
0.1121849	0.06506435	0.5193078	0.7301665
0.09698425	0.008807981	0.4796692	0.6214562
0.09698425	0.008807981	0.4796692	0.6214562
0.08934049	-0.01132174	0.4552442	0.5789282
0.08934049	-0.01132174	0.4552442	0.5789282
0.08267951	-0.03066524	0.4354449	0.5393399
0.08267951	-0.03066524	0.4354449	0.5393399
0.0805621	-0.06443588	0.454419	0.4885922
0.0805621	-0.06443588	0.454419	0.4885922
0.08058824	-0.09231444	0.4525864	0.4170589
0.08058824	-0.09231444	0.4525864	0.4170589
0.07687452	-0.1004052	0.4347467	0.3938257
0.07687452	-0.1004052	0.4347467	0.3938257
0.06462043	-0.1095374	0.3976956	0.3810611
0.06462043	-0.1095374	0.3976956	0.3810611
0.05623014	-0.1158004	0.3718006	0.3725235
0.05623014	-0.1158004	0.3718006	0.3725235
0.05371145	-0.1176823	0.3590184	0.3650043
0.05371145	-0.1176823	0.3590184	0.3650043
0.04320993	-0.1255387	0.3068337	0.3338731
0.04320993	-0.1255387	0.3068337	0.3338731
0.03519599	-0.1315855	0.2683727	0.310349
0.03519599	-0.1315855	0.2683727	0.310349
0.01868204	-0.1442394	0.193434	0.2627257
0.01868204	-0.1442394	0.193434	0.2627257
0.003868402	-0.1595333	0.1332982	0.2157542
0.003868402	-0.1595333	0.1332982	0.2157542
0.001526315	-0.1919479	0.1406901	0.1637131
0.001526315	-0.1919479	0.1406901	0.1637131
-0.0008947366	-0.2445823	0.103561	0.02878621
-0.0008947366	-0.2445823	0.103561	0.02878621
-0.002631573	-0.2639027	0.09511968	-0.007686189
-0.002631573	-0.2639027	0.09511968	-0.007686189
-0.00347367	-0.2746267	0.09635301	-0.02847574
-0.00347367	-0.2746267	0.09635301	-0.02847574
-0.005842039	-0.276441	0.09094273	-0.0325332
-0.005842039	-0.276441	0.09094273	-0.0325332
-0.005868354	-0.2764199	0.09085882	-0.03249067
-0.005868354	-0.2764199	0.09085882	-0.03249067
-0.005920983	-0.2763777	0.09069106	-0.03240574
-0.005920983	-0.2763777	0.09069106	-0.03240574
-0.005920983	-0.2763777	0.09069106	-0.03240574
-0.005920983	-0.2763777	0.09069106	-0.03240574
-0.005920983	-0.2763777	0.09069106	-0.03240574
-0.005920983	-0.2763777	0.09069106	-0.03240574
-0.005894668	-0.2763988	0.09077494	-0.0324482
-0.005894668	-0.2763988	0.09077494	-0.0324482
-0.005894668	-0.2763988	0.09077494	-0.0324482
-0.005894668	-0.2763988	0.09077494	-0.0324482
-0.005894668	-0.2763988	0.09077494	-0.0324482
-0.005894668	-0.2763988	0.09077494	-0.0324482
-0.005894668	-0.2763988	0.09077494	-0.0324482
-0.005894668	-0.2763988	0.09077494	-0.0324482
-0.005894668	-0.2763988	0.09077494	-0.0324482
-0.005894668	-0.2763988	0.09077494	-0.0324482
-0.005894668	-0.276441	0.09080101	-0.03253971
-0.005894668	-0.276441	0.09080101	-0.03253971
-0.005894668	-0.276441	0.09080101	-0.03253971
-0.005894668	-0.276441	0.09080101	-0.03253971
-0.005894668	-0.276441	0.09080101	-0.03253971
-0.005894668	-0.276441	0.09080101	-0.03253971
-0.005920983	-0.2764621	0.09074322	-0.03258873
-0.005920983	-0.2764621	0.09074322	-0.03258873
-0.005920983	-0.2764621	0.09074322	-0.03258873
-0.005920983	-0.2764621	0.09074322	-0.03258873
-0.005920983	-0.2764621	0.09074322	-0.03258873
-0.005920983	-0.2764621	0.09074322	-0.03258873
-0.005947298	-0.2764832	0.09068547	-0.0326378
-0.005947298	-0.2764832	0.09068547	-0.0326378
-0.005947298	-0.2765255	0.0907117	-0.03272948
-0.005947298	-0.2765255	0.0907117	-0.03272948
-0.005999928	-0.2765677	0.09059644	-0.0328279
