Horizontal	Vertical
Time	SqrPos		Pos		FVel		Vel		Torque	CenterSpring		FreeSpace		KD
4.82	0	0	0	0	00	0	00	0	0.01	0.01	1	0.1	
4.84	0	0	0	0	00	0	00	0	0.01	0.01	1	0.1	
4.86	0	0	0	0	00	0	00	0	0.01	0.01	1	0.1	
4.88	0	0	0	0	00	0	00	0	0.01	0.01	1	0.1	
4.9	0	0	0	0	00	0	00	0	0.01	0.01	1	0.1	
4.92	0	0	0	0	00	0	00	0	0.01	0.01	1	0.1	
4.94	0	0	0	0	00	0	00	0	0.01	0.01	1	0.1	
4.96	0	0	0	0	00	0	00	0	0.01	0.01	1	0.1	
4.98	0	0	0	0	00	0	00	0	0.01	0.01	1	0.1	
5	0	0	0	0	00	0	00	0	0.01	0.01	1	0.1	
5.02	0	0	0	0	00	0	00	0	0.01	0.01	1	0.1	
5.04	0	0	0	0	00	0	00	0	0.01	0.01	1	0.1	
5.06	0	0	0	0	00	0	00	0	0.01	0.01	1	0.1	
5.08	0	0	0	0	00	0	00	0	0.01	0.01	1	0.1	
5.1	0	0	0	0	00	0	00	0	0.01	0.01	1	0.1	
5.12	0	0	0	0	00	0	00	0	0.01	0.01	1	0.1	
5.14	0	0	0	0	00	0	00	0	0.01	0.01	1	0.1	
5.16	0	0	0	0	00	0	00	0	0.01	0.01	1	0.1	
5.18	0	0	0	0	00	0	00	0	0.01	0.01	1	0.1	
5.2	0	0	0	0	00	0	00	0	0.01	0.01	1	0.1	
5.22	0	0	0	0	00	0	00	0	0.01	0.01	1	0.1	
5.24	0	0	0	0	00	0	00	0	0.01	0.01	1	0.1	
5.26	0	0	0	0	00	0	00	0	0.01	0.01	1	0.1	
5.28	0	0	0	0	00	0	00	0	0.01	0.01	1	0.1	
5.3	0	0	0	0	00	0	00	0	0.01	0.01	1	0.1	
5.32	0	0	0	0	00	0	00	0	0.01	0.01	1	0.1	
5.34	0	0	0	0	00	0	00	0	0.01	0.01	1	0.1	
5.36	0	0	0	0	00	0	00	0	0.01	0.01	1	0.1	
5.38	0	0	0	0	00	0	00	0	0.01	0.01	1	0.1	
5.4	0	0	0	0	00	0	00	0	0.01	0.01	1	0.1	
5.42	0	0	0	0	00	0	00	0	0.01	0.01	1	0.1	
5.44	0	0	0	0	00	0	00	0	0.01	0.01	1	0.1	
5.46	0	0	0	0	00	0	00	0	0.01	0.01	1	0.1	
5.48	0	0	0	0	00	0	00	0	0.01	0.01	1	0.1	
5.5	0	0	0	0	00	0	00	0	0.01	0.01	1	0.1	
5.52	0	0	0	0	00	0	00	0	0.01	0.01	1	0.1	
5.54	0	0	0	0	00	0	00	0	0.01	0.01	1	0.1	
5.56	0	0	0	0	00	0	00	0	0.01	0.01	1	0.1	
5.58	0	0	0	0	00	0	00	0	0.01	0.01	1	0.1	
5.6	0	0	0	0	00	0	00	0	0.01	0.01	1	0.1	
5.62	0	0	0	0	00	0	00	0	0.01	0.01	1	0.1	
5.64	0	0	0	0	00	0	00	0	0.01	0.01	1	0.1	
5.66	0	0	0	0	00	0	00	0	0.01	0.01	1	0.1	
5.68	0	0	0	0	00	0	00	0	0.01	0.01	1	0.1	
5.7	0	0	0	0	00	0	00	0	0.01	0.01	1	0.1	
5.72	0	0	0	0	00	0	00	0	0.01	0.01	1	0.1	
5.74	0	0	0	0	00	0	00	0	0.01	0.01	1	0.1	
5.76	0	0	0	0	00	0	00	0	0.01	0.01	1	0.1	
5.78	0	0	0	0	00	0	00	0	0.01	0.01	1	0.1	
5.8	0	0	0	0	00	0	00	0	0.01	0.01	1	0.1	
5.82	0	0	0	0	00	0	00	0	0.01	0.01	1	0.1	
5.84	0	0	0	0	00	0	00	0	0.01	0.01	1	0.1	
5.86	0	0	0	0	00	0	00	0	0.01	0.01	1	0.1	
5.88	0	0	0	0	00	0	00	0	0.01	0.01	1	0.1	
5.9	0	0	0	0	00	0	00	0	0.01	0.01	1	0.1	
5.92	0	0	0	0	00	0	00	0	0.01	0.01	1	0.1	
5.94	0	0	0	0	00	0	00	0	0.01	0.01	1	0.1	
5.96	0	0	0	0	00	0	00	0	0.01	0.01	1	0.1	
5.98	0	0.005212774	0.005212774	0.2606387	00	0	00	0	0.01	0.01	1	0.1	
6	0	0.01042555	0.01042555	0.2606387	00	0	00	0	0.01	0.01	1	0.1	
6.02	0	0.01563832	0.01563832	0.2606387	00	0	00	0	0.01	0.01	1	0.1	
6.04	0	0.02085109	0.02085109	0.2606387	00	0	00	0	0.01	0.01	1	0.1	
6.06	0	0.03111205	0.03111205	0.5130481	00	0	00	0	0.01	0.01	1	0.1	
6.08	0	0.04137301	0.04137301	0.5130481	00	0	00	0	0.01	0.01	1	0.1	
6.1	0	0.05163398	0.05163398	0.5130481	00	0	00	0	0.01	0.01	1	0.1	
6.12	0	0.06189494	0.06189494	0.5130481	00	0	00	0	0.01	0.01	1	0.1	
6.14	0	0.07754052	0.07754052	0.7822793	00	0	00	0	0.01	0.01	1	0.1	
6.16	0	0.09318611	0.09318611	0.7822793	00	0	00	0	0.01	0.01	1	0.1	
6.18	0	0.1088317	0.1088317	0.7822793	00	0	00	0	0.01	0.01	1	0.1	
6.2	0	0.1244773	0.1244773	0.7822793	00	0	00	0	0.01	0.01	1	0.1	
6.22	0	0.1401229	0.1401229	0.7822793	00	0	00	0	0.01	0.01	1	0.1	
6.24	0	0.149294	0.149294	0.4585589	00	0	00	0	0.01	0.01	1	0.1	
6.26	0	0.1584652	0.1584652	0.4585589	00	0	00	0	0.01	0.01	1	0.1	
6.28	0	0.1676364	0.1676364	0.4585589	00	0	00	0	0.01	0.01	1	0.1	
6.3	0	0.1768076	0.1768076	0.4585589	00	0	00	0	0.01	0.01	1	0.1	
6.32	0	0.1859787	0.1859787	0.4585589	00	0	00	0	0.01	0.01	1	0.1	
6.34	0	0.1880393	0.1880393	0.1030304	00	0	00	0	0.01	0.01	1	0.1	
6.36	0	0.1900999	0.1900999	0.1030304	00	0	00	0	0.01	0.01	1	0.1	
6.38	0	0.1921605	0.1921605	0.1030304	00	0	00	0	0.01	0.01	1	0.1	
6.4	0	0.1942212	0.1942212	0.1030304	00	0	00	0	0.01	0.01	1	0.1	
6.42	0	0.1962818	0.1962818	0.1030304	00	0	00	0	0.01	0.01	1	0.1	
6.44	0	0.1983424	0.1983424	0.1030304	00	0	00	0	0.01	0.01	1	0.1	
6.46	0	0.1983424	0.1983424	0	00	0	00	0	0.01	0.01	1	0.1	
6.48	0	0.1983424	0.1983424	0	00	0	00	0	0.01	0.01	1	0.1	
6.5	0	0.1983424	0.1983424	0	00	0	00	0	0.01	0.01	1	0.1	
6.52	0	0.1983424	0.1983424	0	00	0	00	0	0.01	0.01	1	0.1	
6.54	0	0.1983424	0.1983424	0	00	0	00	0	0.01	0.01	1	0.1	
6.56	0	0.1983424	0.1983424	0	00	0	00	0	0.01	0.01	1	0.1	
6.58	0	0.1983424	0.1983424	0	00	0	00	0	0.01	0.01	1	0.1	
6.6	0	0.1983424	0.1983424	0	00	0	00	0	0.01	0.01	1	0.1	
6.62	0	0.2111648	0.2111648	0.6411214	00	0	00	0	0.01	0.01	1	0.1	
6.64	0	0.2239872	0.2239872	0.6411214	00	0	00	0	0.01	0.01	1	0.1	
6.66	0	0.2368097	0.2368097	0.6411214	00	0	00	0	0.01	0.01	1	0.1	
6.68	0	0.2496321	0.2496321	0.6411214	00	0	00	0	0.01	0.01	1	0.1	
6.7	0	0.2624545	0.2624545	0.6411214	00	0	00	0	0.01	0.01	1	0.1	
6.72	0	0.275277	0.275277	0.6411214	00	0	00	0	0.01	0.01	1	0.1	
6.74	0	0.2880994	0.2880994	0.6411214	00	0	00	0	0.01	0.01	1	0.1	
6.76	0	0.3009218	0.3009218	0.6411214	00	0	00	0	0.01	0.01	1	0.1	
6.78	0	0.3137442	0.3137442	0.6411214	00	0	00	0	0.01	0.01	1	0.1	
6.8	0	0.3265666	0.3265666	0.6411214	00	0	00	0	0.01	0.01	1	0.1	
6.82	0	0.3393891	0.3393891	0.6411214	00	0	00	0	0.01	0.01	1	0.1	
6.84	0	0.3593891	0.3593891	1	00	0	00	0	0.01	0.01	1	0.1	
6.86	0	0.3793891	0.3793891	1	00	0	00	0	0.01	0.01	1	0.1	
6.88	0	0.3993891	0.3993891	1	00	0	00	0	0.01	0.01	1	0.1	
6.9	0	0.4193891	0.4193891	1	00	0	00	0	0.01	0.01	1	0.1	
6.92	0	0.4393891	0.4393891	1	00	0	00	0	0.01	0.01	1	0.1	
6.94	0	0.4593891	0.4593891	1	00	0	00	0	0.01	0.01	1	0.1	
6.96	0	0.4793891	0.4793891	1	00	0	00	0	0.01	0.01	1	0.1	
6.98	0	0.4993891	0.4993891	1	00	0	00	0	0.01	0.01	1	0.1	
7	0	0.5193892	0.5193892	1	00	0	00	0	0.01	0.01	1	0.1	
7.02	0	0.5393891	0.5393891	1	00	0	00	0	0.01	0.01	1	0.1	
7.04	0	0.5593891	0.5593891	1	00	0	00	0	0.01	0.01	1	0.1	
7.06	0	0.5793891	0.5793891	1	00	0	00	0	0.01	0.01	1	0.1	
7.08	0	0.5993891	0.5993891	1	00	0	00	0	0.01	0.01	1	0.1	
7.1	0	0.6193891	0.6193891	1	00	0	00	0	0.01	0.01	1	0.1	
7.12	0	0.639389	0.639389	1	00	0	00	0	0.01	0.01	1	0.1	
7.14	0	0.639389	0.639389	0	00	0	00	0	0.01	0.01	1	0.1	
7.16	0	0.639389	0.639389	0	00	0	00	0	0.01	0.01	1	0.1	
7.18	0	0.639389	0.639389	0	00	0	00	0	0.01	0.01	1	0.1	
7.2	0	0.639389	0.639389	0	00	0	00	0	0.01	0.01	1	0.1	
7.22	0	0.639389	0.639389	0	00	0	00	0	0.01	0.01	1	0.1	
7.24	0	0.639389	0.639389	0	00	0	00	0	0.01	0.01	1	0.1	
7.26	0	0.639389	0.639389	0	00	0	00	0	0.01	0.01	1	0.1	
7.28	0	0.639389	0.639389	0	00	0	00	0	0.01	0.01	1	0.1	
7.3	0	0.639389	0.639389	0	00	0	00	0	0.01	0.01	1	0.1	
7.32	0	0.639389	0.639389	0	00	0	00	0	0.01	0.01	1	0.1	
7.34	0	0.639389	0.639389	0	00	0	00	0	0.01	0.01	1	0.1	
7.36	0	0.639389	0.639389	0	00	0	00	0	0.01	0.01	1	0.1	
7.38	0	0.639389	0.639389	0	00	0	00	0	0.01	0.01	1	0.1	
7.4	0	0.639389	0.639389	0	00	0	00	0	0.01	0.01	1	0.1	
7.42	0	0.639389	0.639389	0	00	0	00	0	0.01	0.01	1	0.1	
7.44	0	0.639389	0.639389	0	00	0	00	0	0.01	0.01	1	0.1	
7.46	0	0.639389	0.639389	0	00	0	00	0	0.01	0.01	1	0.1	
7.48	0	0.639389	0.639389	0	00	0	00	0	0.01	0.01	1	0.1	
7.5	0	0.639389	0.639389	0	00	0	00	0	0.01	0.01	1	0.1	
7.52	0	0.639389	0.639389	0	00	0	00	0	0.01	0.01	1	0.1	
7.54	0	0.639389	0.639389	0	00	0	00	0	0.01	0.01	1	0.1	
7.56	0	0.639389	0.639389	0	00	0	00	0	0.01	0.01	1	0.1	
7.58	0	0.639389	0.639389	0	00	0	00	0	0.01	0.01	1	0.1	
7.6	0	0.639389	0.639389	0	00	0	00	0	0.01	0.01	1	0.1	
7.62	0	0.639389	0.639389	0	00	0	00	0	0.01	0.01	1	0.1	
7.64	0	0.639389	0.639389	0	00	0	00	0	0.01	0.01	1	0.1	
7.66	0	0.639389	0.639389	0	00	0	00	0	0.01	0.01	1	0.1	
7.68	0	0.639389	0.639389	0	00	0	00	0	0.01	0.01	1	0.1	
7.7	0	0.639389	0.639389	0	00	0	00	0	0.01	0.01	1	0.1	
7.72	0	0.639389	0.639389	0	00	0	00	0	0.01	0.01	1	0.1	
7.74	0	0.639389	0.639389	0	00	0	00	0	0.01	0.01	1	0.1	
7.76	0	0.639389	0.639389	0	00	0	00	0	0.01	0.01	1	0.1	
7.78	0	0.639389	0.639389	0	00	0	00	0	0.01	0.01	1	0.1	
7.8	0	0.639389	0.639389	0	00	0	00	0	0.01	0.01	1	0.1	
7.82	0	0.6193891	0.6193891	-1	00	0	00	0	0.01	0.01	1	0.1	
7.84	0	0.5993891	0.5993891	-1	00	0	00	0	0.01	0.01	1	0.1	
7.86	0	0.5793891	0.5793891	-1	00	0	00	0	0.01	0.01	1	0.1	
7.88	0	0.5593891	0.5593891	-1	00	0	00	0	0.01	0.01	1	0.1	
7.9	0	0.5393891	0.5393891	-1	00	0	00	0	0.01	0.01	1	0.1	
7.92	0	0.5193892	0.5193892	-1	00	0	00	0	0.01	0.01	1	0.1	
7.94	0	0.4993891	0.4993891	-1	00	0	00	0	0.01	0.01	1	0.1	
7.96	0	0.4793891	0.4793891	-1	00	0	00	0	0.01	0.01	1	0.1	
7.98	0	0.4593891	0.4593891	-1	00	0	00	0	0.01	0.01	1	0.1	
8	0	0.4393891	0.4393891	-1	00	0	00	0	0.01	0.01	1	0.1	
8.02	0	0.4193891	0.4193891	-1	00	0	00	0	0.01	0.01	1	0.1	
8.04	0	0.3993891	0.3993891	-1	00	0	00	0	0.01	0.01	1	0.1	
8.059999	0	0.3793891	0.3793891	-1	00	0	00	0	0.01	0.01	1	0.1	
8.08	0	0.3593891	0.3593891	-1	00	0	00	0	0.01	0.01	1	0.1	
8.099999	0	0.3393891	0.3393891	-1	00	0	00	0	0.01	0.01	1	0.1	
8.12	0	0.319389	0.319389	-1	00	0	00	0	0.01	0.01	1	0.1	
8.139999	0	0.319389	0.319389	0	00	0	00	0	0.01	0.01	1	0.1	
8.16	0	0.319389	0.319389	0	00	0	00	0	0.01	0.01	1	0.1	
8.179999	0	0.319389	0.319389	0	00	0	00	0	0.01	0.01	1	0.1	
8.2	0	0.319389	0.319389	0	00	0	00	0	0.01	0.01	1	0.1	
8.22	0	0.319389	0.319389	0	00	0	00	0	0.01	0.01	1	0.1	
8.24	0	0.319389	0.319389	0	00	0	00	0	0.01	0.01	1	0.1	
8.26	0	0.319389	0.319389	0	00	0	00	0	0.01	0.01	1	0.1	
8.28	0	0.319389	0.319389	0	00	0	00	0	0.01	0.01	1	0.1	
8.3	0	0.319389	0.319389	0	00	0	00	0	0.01	0.01	1	0.1	
8.32	0	0.319389	0.319389	0	00	0	00	0	0.01	0.01	1	0.1	
8.34	0	0.319389	0.319389	0	00	0	00	0	0.01	0.01	1	0.1	
8.36	0	0.319389	0.319389	0	00	0	00	0	0.01	0.01	1	0.1	
8.38	0	0.319389	0.319389	0	00	0	00	0	0.01	0.01	1	0.1	
8.4	0	0.319389	0.319389	0	00	0	00	0	0.01	0.01	1	0.1	
8.42	0	0.319389	0.319389	0	00	0	00	0	0.01	0.01	1	0.1	
8.44	0	0.319389	0.319389	0	00	0	00	0	0.01	0.01	1	0.1	
8.46	0	0.319389	0.319389	0	00	0	00	0	0.01	0.01	1	0.1	
8.48	0	0.319389	0.319389	0	00	0	00	0	0.01	0.01	1	0.1	
8.5	0	0.319389	0.319389	0	00	0	00	0	0.01	0.01	1	0.1	
8.52	0	0.319389	0.319389	0	00	0	00	0	0.01	0.01	1	0.1	
8.54	0	0.319389	0.319389	0	00	0	00	0	0.01	0.01	1	0.1	
8.559999	0	0.319389	0.319389	0	00	0	00	0	0.01	0.01	1	0.1	
8.58	0	0.319389	0.319389	0	00	0	00	0	0.01	0.01	1	0.1	
8.599999	0	0.319389	0.319389	0	00	0	00	0	0.01	0.01	1	0.1	
8.62	0	0.319389	0.319389	0	00	0	00	0	0.01	0.01	1	0.1	
8.639999	0	0.319389	0.319389	0	00	0	00	0	0.01	0.01	1	0.1	
8.66	0	0.319389	0.319389	0	00	0	00	0	0.01	0.01	1	0.1	
8.679999	0	0.319389	0.319389	0	00	0	00	0	0.01	0.01	1	0.1	
8.7	0	0.319389	0.319389	0	00	0	00	0	0.01	0.01	1	0.1	
8.72	0	0.319389	0.319389	0	00	0	00	0	0.01	0.01	1	0.1	
8.74	0	0.319389	0.319389	0	00	0	00	0	0.01	0.01	1	0.1	
8.76	0	0.319389	0.319389	0	00	0	00	0	0.01	0.01	1	0.1	
8.78	0	0.319389	0.319389	0	00	0	00	0	0.01	0.01	1	0.1	
8.8	0	0.319389	0.319389	0	00	0	00	0	0.01	0.01	1	0.1	
8.82	0	0.299389	0.299389	-1	00	0	00	0	0.01	0.01	1	0.1	
8.84	0	0.279389	0.279389	-1	00	0	00	0	0.01	0.01	1	0.1	
8.86	0	0.259389	0.259389	-1	00	0	00	0	0.01	0.01	1	0.1	
8.88	0	0.239389	0.239389	-1	00	0	00	0	0.01	0.01	1	0.1	
8.9	0	0.219389	0.219389	-1	00	0	00	0	0.01	0.01	1	0.1	
8.92	0	0.199389	0.199389	-1	00	0	00	0	0.01	0.01	1	0.1	
8.94	0	0.179389	0.179389	-1	00	0	00	0	0.01	0.01	1	0.1	
8.96	0	0.159389	0.159389	-1	00	0	00	0	0.01	0.01	1	0.1	
8.98	0	0.139389	0.139389	-1	00	0	00	0	0.01	0.01	1	0.1	
9	0	0.119389	0.119389	-1	00	0	00	0	0.01	0.01	1	0.1	
9.02	0	0.09938905	0.09938905	-1	00	0	00	0	0.01	0.01	1	0.1	
9.04	0	0.07938905	0.07938905	-1	00	0	00	0	0.01	0.01	1	0.1	
9.059999	0	0.05938905	0.05938905	-1	00	0	00	0	0.01	0.01	1	0.1	
9.08	0	0.03938905	0.03938905	-1	00	0	00	0	0.01	0.01	1	0.1	
9.099999	0	0.01938905	0.01938905	-1	00	0	00	0	0.01	0.01	1	0.1	
9.12	0	-0.0006109476	-0.0006109476	-1	00	0	00	0	0.01	0.01	1	0.1	
9.139999	0	-0.0006109476	-0.0006109476	0	00	0	00	0	0.01	0.01	1	0.1	
9.16	0	-0.0006109476	-0.0006109476	0	00	0	00	0	0.01	0.01	1	0.1	
9.179999	0	-0.0006109476	-0.0006109476	0	00	0	00	0	0.01	0.01	1	0.1	
9.2	0	-0.0006109476	-0.0006109476	0	00	0	00	0	0.01	0.01	1	0.1	
9.22	0	-0.0006109476	-0.0006109476	0	00	0	00	0	0.01	0.01	1	0.1	
9.24	0	-0.0006109476	-0.0006109476	0	00	0	00	0	0.01	0.01	1	0.1	
9.26	0	-0.0006109476	-0.0006109476	0	00	0	00	0	0.01	0.01	1	0.1	
9.28	0	-0.0006109476	-0.0006109476	0	00	0	00	0	0.01	0.01	1	0.1	
9.3	0	-0.0006109476	-0.0006109476	0	00	0	00	0	0.01	0.01	1	0.1	
9.32	0	-0.0006109476	-0.0006109476	0	00	0	00	0	0.01	0.01	1	0.1	
9.34	0	-0.0006109476	-0.0006109476	0	00	0	00	0	0.01	0.01	1	0.1	
9.36	0	-0.0006109476	-0.0006109476	0	00	0	00	0	0.01	0.01	1	0.1	
9.38	0	-0.0006109476	-0.0006109476	0	00	0	00	0	0.01	0.01	1	0.1	
9.4	0	-0.0006109476	-0.0006109476	0	00	0	00	0	0.01	0.01	1	0.1	
9.42	0	-0.0006109476	-0.0006109476	0	00	0	00	0	0.01	0.01	1	0.1	
9.44	0	-0.0006109476	-0.0006109476	0	00	0	00	0	0.01	0.01	1	0.1	
9.46	0	-0.0006109476	-0.0006109476	0	00	0	00	0	0.01	0.01	1	0.1	
9.48	0	-0.02061095	-0.02061095	-1	00	0	00	0	0.01	0.01	1	0.1	
9.5	0	-0.04061095	-0.04061095	-1	00	0	00	0	0.01	0.01	1	0.1	
9.52	0	-0.06061095	-0.06061095	-1	00	0	00	0	0.01	0.01	1	0.1	
9.54	0	-0.08061095	-0.08061095	-1	00	0	00	0	0.01	0.01	1	0.1	
9.559999	0	-0.1006109	-0.1006109	-1	00	0	00	0	0.01	0.01	1	0.1	
9.58	0	-0.1206109	-0.1206109	-1	00	0	00	0	0.01	0.01	1	0.1	
9.599999	0	-0.1406109	-0.1406109	-1	00	0	00	0	0.01	0.01	1	0.1	
9.62	0	-0.1606109	-0.1606109	-1	00	0	00	0	0.01	0.01	1	0.1	
9.639999	0	-0.1806109	-0.1806109	-1	00	0	00	0	0.01	0.01	1	0.1	
9.66	0	-0.2006109	-0.2006109	-1	00	0	00	0	0.01	0.01	1	0.1	
9.679999	0	-0.2206109	-0.2206109	-1	00	0	00	0	0.01	0.01	1	0.1	
9.7	0	-0.2406109	-0.2406109	-1	00	0	00	0	0.01	0.01	1	0.1	
9.719999	0	-0.2606109	-0.2606109	-1	00	0	00	0	0.01	0.01	1	0.1	
9.74	0	-0.2806109	-0.2806109	-1	00	0	00	0	0.01	0.01	1	0.1	
9.76	0	-0.3006109	-0.3006109	-1	00	0	00	0	0.01	0.01	1	0.1	
9.78	0	-0.3206109	-0.3206109	-1	00	0	00	0	0.01	0.01	1	0.1	
9.8	0	-0.340611	-0.340611	-1	00	0	00	0	0.01	0.01	1	0.1	
9.82	0	-0.360611	-0.360611	-1	00	0	00	0	0.01	0.01	1	0.1	
9.84	0	-0.380611	-0.380611	-1	00	0	00	0	0.01	0.01	1	0.1	
9.86	0	-0.400611	-0.400611	-1	00	0	00	0	0.01	0.01	1	0.1	
9.88	0	-0.420611	-0.420611	-1	00	0	00	0	0.01	0.01	1	0.1	
9.9	0	-0.440611	-0.440611	-1	00	0	00	0	0.01	0.01	1	0.1	
9.92	0	-0.460611	-0.460611	-1	00	0	00	0	0.01	0.01	1	0.1	
9.94	0	-0.480611	-0.480611	-1	00	0	00	0	0.01	0.01	1	0.1	
9.96	0	-0.500611	-0.500611	-1	00	0	00	0	0.01	0.01	1	0.1	
9.98	0	-0.520611	-0.520611	-1	00	0	00	0	0.01	0.01	1	0.1	
10	0	-0.540611	-0.540611	-1	00	0	00	0	0.01	0.01	1	0.1	
10.02	0	-0.5606109	-0.5606109	-1	00	0	00	0	0.01	0.01	1	0.1	
10.04	0	-0.5806109	-0.5806109	-1	00	0	00	0	0.01	0.01	1	0.1	
10.06	0	-0.6006109	-0.6006109	-1	00	0	00	0	0.01	0.01	1	0.1	
10.08	0	-0.6206109	-0.6206109	-1	00	0	00	0	0.01	0.01	1	0.1	
10.1	0	-0.6406109	-0.6406109	-1	00	0	00	0	0.01	0.01	1	0.1	
10.12	0	-0.6606109	-0.6606109	-1	00	0	00	0	0.01	0.01	1	0.1	
10.14	0	-0.6806108	-0.6806108	-1	00	0	00	0	0.01	0.01	1	0.1	
10.16	0	-0.7006108	-0.7006108	-1	00	0	00	0	0.01	0.01	1	0.1	
10.18	0	-0.7206108	-0.7206108	-1	00	0	00	0	0.01	0.01	1	0.1	
10.2	0	-0.7406108	-0.7406108	-1	00	0	00	0	0.01	0.01	1	0.1	
10.22	0	-0.7606108	-0.7606108	-1	00	0	00	0	0.01	0.01	1	0.1	
10.24	0	-0.7806107	-0.7806107	-1	00	0	00	0	0.01	0.01	1	0.1	
10.26	0	-0.8006107	-0.8006107	-1	00	0	00	0	0.01	0.01	1	0.1	
10.28	0	-0.8206107	-0.8206107	-1	00	0	00	0	0.01	0.01	1	0.1	
10.3	0	-0.8406107	-0.8406107	-1	00	0	00	0	0.01	0.01	1	0.1	
10.32	0	-0.8606107	-0.8606107	-1	00	0	00	0	0.01	0.01	1	0.1	
10.34	0	-0.8806106	-0.8806106	-1	00	0	00	0	0.01	0.01	1	0.1	
10.36	0	-0.9006106	-0.9006106	-1	00	0	00	0	0.01	0.01	1	0.1	
10.38	0	-0.9206106	-0.9206106	-1	00	0	00	0	0.01	0.01	1	0.1	
10.4	0	-0.9406106	-0.9406106	-1	00	0	00	0	0.01	0.01	1	0.1	
10.42	0	-0.9606106	-0.9606106	-1	00	0	00	0	0.01	0.01	1	0.1	
10.44	0	-0.9806105	-0.9806105	-1	00	0	00	0	0.01	0.01	1	0.1	
10.46	0	-1.000611	-1.000611	-1	00	0	00	0	0.01	0.01	1	0.1	
10.48	0	-1.020611	-1.020611	-1	00	0	00	0	0.01	0.01	1	0.1	
10.5	0	-1.040611	-1.040611	-1	00	0	00	0	0.01	0.01	1	0.1	
10.52	0	-1.060611	-1.060611	-1	00	0	00	0	0.01	0.01	1	0.1	
10.54	0	-1.080611	-1.080611	-1	00	0	00	0	0.01	0.01	1	0.1	
10.56	0	-1.10061	-1.10061	-1	00	0	00	0	0.01	0.01	1	0.1	
10.58	0	-1.12061	-1.12061	-1	00	0	00	0	0.01	0.01	1	0.1	
10.6	0	-1.14061	-1.14061	-1	00	0	00	0	0.01	0.01	1	0.1	
10.62	0	-1.16061	-1.16061	-1	00	0	00	0	0.01	0.01	1	0.1	
10.64	0	-1.18061	-1.18061	-1	00	0	00	0	0.01	0.01	1	0.1	
10.66	0	-1.20061	-1.20061	-1	00	0	00	0	0.01	0.01	1	0.1	
10.68	0	-1.22061	-1.22061	-1	00	0	00	0	0.01	0.01	1	0.1	
10.7	0	-1.24061	-1.24061	-1	00	0	00	0	0.01	0.01	1	0.1	
10.72	0	-1.26061	-1.26061	-1	00	0	00	0	0.01	0.01	1	0.1	
10.74	0	-1.28061	-1.28061	-1	00	0	00	0	0.01	0.01	1	0.1	
10.76	0	-1.30061	-1.30061	-1	00	0	00	0	0.01	0.01	1	0.1	
10.78	0	-1.32061	-1.32061	-1	00	0	00	0	0.01	0.01	1	0.1	
10.8	0	-1.34061	-1.34061	-1	00	0	00	0	0.01	0.01	1	0.1	
10.82	0	-1.34061	-1.34061	0	00	0	00	0	0.01	0.01	1	0.1	
10.84	0	-1.34061	-1.34061	0	00	0	00	0	0.01	0.01	1	0.1	
10.86	0	-1.34061	-1.34061	0	00	0	00	0	0.01	0.01	1	0.1	
10.88	0	-1.34061	-1.34061	0	00	0	00	0	0.01	0.01	1	0.1	
10.9	0	-1.34061	-1.34061	0	00	0	00	0	0.01	0.01	1	0.1	
10.92	0	-1.34061	-1.34061	0	00	0	00	0	0.01	0.01	1	0.1	
10.94	0	-1.34061	-1.34061	0	00	0	00	0	0.01	0.01	1	0.1	
10.96	0	-1.34061	-1.34061	0	00	0	00	0	0.01	0.01	1	0.1	
10.98	0	-1.34061	-1.34061	0	00	0	00	0	0.01	0.01	1	0.1	
11	0	-1.34061	-1.34061	0	00	0	00	0	0.01	0.01	1	0.1	
11.02	0	-1.34061	-1.34061	0	00	0	00	0	0.01	0.01	1	0.1	
11.04	0	-1.34061	-1.34061	0	00	0	00	0	0.01	0.01	1	0.1	
11.06	0	-1.34061	-1.34061	0	00	0	00	0	0.01	0.01	1	0.1	
11.08	0	-1.34061	-1.34061	0	00	0	00	0	0.01	0.01	1	0.1	
11.1	0	-1.34061	-1.34061	0	00	0	00	0	0.01	0.01	1	0.1	
11.12	0	-1.34061	-1.34061	0	00	0	00	0	0.01	0.01	1	0.1	
11.14	0	-1.32061	-1.32061	1	00	0	00	0	0.01	0.01	1	0.1	
11.16	0	-1.30061	-1.30061	1	00	0	00	0	0.01	0.01	1	0.1	
11.18	0	-1.28061	-1.28061	1	00	0	00	0	0.01	0.01	1	0.1	
11.2	0	-1.26061	-1.26061	1	00	0	00	0	0.01	0.01	1	0.1	
11.22	0	-1.24061	-1.24061	1	00	0	00	0	0.01	0.01	1	0.1	
11.24	0	-1.22061	-1.22061	1	00	0	00	0	0.01	0.01	1	0.1	
11.26	0	-1.20061	-1.20061	1	00	0	00	0	0.01	0.01	1	0.1	
11.28	0	-1.18061	-1.18061	1	00	0	00	0	0.01	0.01	1	0.1	
11.3	0	-1.16061	-1.16061	1	00	0	00	0	0.01	0.01	1	0.1	
11.32	0	-1.14061	-1.14061	1	00	0	00	0	0.01	0.01	1	0.1	
11.34	0	-1.12061	-1.12061	1	00	0	00	0	0.01	0.01	1	0.1	
11.36	0	-1.10061	-1.10061	1	00	0	00	0	0.01	0.01	1	0.1	
11.38	0	-1.080611	-1.080611	1	00	0	00	0	0.01	0.01	1	0.1	
11.4	0	-1.060611	-1.060611	1	00	0	00	0	0.01	0.01	1	0.1	
11.42	0	-1.040611	-1.040611	1	00	0	00	0	0.01	0.01	1	0.1	
11.44	0	-1.020611	-1.020611	1	00	0	00	0	0.01	0.01	1	0.1	
11.46	0	-1.000611	-1.000611	1	00	0	00	0	0.01	0.01	1	0.1	
11.48	0	-0.9806106	-0.9806106	1	00	0	00	0	0.01	0.01	1	0.1	
11.5	0	-0.9606106	-0.9606106	1	00	0	00	0	0.01	0.01	1	0.1	
11.52	0	-0.9406106	-0.9406106	1	00	0	00	0	0.01	0.01	1	0.1	
11.54	0	-0.9206107	-0.9206107	1	00	0	00	0	0.01	0.01	1	0.1	
11.56	0	-0.9006107	-0.9006107	1	00	0	00	0	0.01	0.01	1	0.1	
11.58	0	-0.8806107	-0.8806107	1	00	0	00	0	0.01	0.01	1	0.1	
11.6	0	-0.8606107	-0.8606107	1	00	0	00	0	0.01	0.01	1	0.1	
11.62	0	-0.8406107	-0.8406107	1	00	0	00	0	0.01	0.01	1	0.1	
11.64	0	-0.8206108	-0.8206108	1	00	0	00	0	0.01	0.01	1	0.1	
11.66	0	-0.8006108	-0.8006108	1	00	0	00	0	0.01	0.01	1	0.1	
11.68	0	-0.7806108	-0.7806108	1	00	0	00	0	0.01	0.01	1	0.1	
11.7	0	-0.7606108	-0.7606108	1	00	0	00	0	0.01	0.01	1	0.1	
11.72	0	-0.7406108	-0.7406108	1	00	0	00	0	0.01	0.01	1	0.1	
11.74	0	-0.7206109	-0.7206109	1	00	0	00	0	0.01	0.01	1	0.1	
11.76	0	-0.7006109	-0.7006109	1	00	0	00	0	0.01	0.01	1	0.1	
11.78	0	-0.6806109	-0.6806109	1	00	0	00	0	0.01	0.01	1	0.1	
11.8	0	-0.6606109	-0.6606109	1	00	0	00	0	0.01	0.01	1	0.1	
11.82	0	-0.6406109	-0.6406109	1	00	0	00	0	0.01	0.01	1	0.1	
11.84	0	-0.620611	-0.620611	1	00	0	00	0	0.01	0.01	1	0.1	
11.86	0	-0.600611	-0.600611	1	00	0	00	0	0.01	0.01	1	0.1	
11.88	0	-0.580611	-0.580611	1	00	0	00	0	0.01	0.01	1	0.1	
11.9	0	-0.560611	-0.560611	1	00	0	00	0	0.01	0.01	1	0.1	
11.92	0	-0.540611	-0.540611	1	00	0	00	0	0.01	0.01	1	0.1	
11.94	0	-0.520611	-0.520611	1	00	0	00	0	0.01	0.01	1	0.1	
11.96	0	-0.5006111	-0.5006111	1	00	0	00	0	0.01	0.01	1	0.1	
11.98	0	-0.4806111	-0.4806111	1	00	0	00	0	0.01	0.01	1	0.1	
12	0	-0.460611	-0.460611	1	00	0	00	0	0.01	0.01	1	0.1	
12.02	0	-0.440611	-0.440611	1	00	0	00	0	0.01	0.01	1	0.1	
12.04	0	-0.420611	-0.420611	1	00	0	00	0	0.01	0.01	1	0.1	
12.06	0	-0.400611	-0.400611	1	00	0	00	0	0.01	0.01	1	0.1	
12.08	0	-0.380611	-0.380611	1	00	0	00	0	0.01	0.01	1	0.1	
12.1	0	-0.360611	-0.360611	1	00	0	00	0	0.01	0.01	1	0.1	
12.12	0	-0.340611	-0.340611	1	00	0	00	0	0.01	0.01	1	0.1	
12.14	0	-0.320611	-0.320611	1	00	0	00	0	0.01	0.01	1	0.1	
12.16	0	-0.300611	-0.300611	1	00	0	00	0	0.01	0.01	1	0.1	
12.18	0	-0.2806109	-0.2806109	1	00	0	00	0	0.01	0.01	1	0.1	
12.2	0	-0.2606109	-0.2606109	1	00	0	00	0	0.01	0.01	1	0.1	
12.22	0	-0.2406109	-0.2406109	1	00	0	00	0	0.01	0.01	1	0.1	
12.24	0	-0.2206109	-0.2206109	1	00	0	00	0	0.01	0.01	1	0.1	
12.26	0	-0.200611	-0.200611	1	00	0	00	0	0.01	0.01	1	0.1	
12.28	0	-0.180611	-0.180611	1	00	0	00	0	0.01	0.01	1	0.1	
12.3	0	-0.160611	-0.160611	1	00	0	00	0	0.01	0.01	1	0.1	
12.32	0	-0.140611	-0.140611	1	00	0	00	0	0.01	0.01	1	0.1	
12.34	0	-0.120611	-0.120611	1	00	0	00	0	0.01	0.01	1	0.1	
12.36	0	-0.100611	-0.100611	1	00	0	00	0	0.01	0.01	1	0.1	
12.38	0	-0.08061098	-0.08061098	1	00	0	00	0	0.01	0.01	1	0.1	
12.4	0	-0.06061098	-0.06061098	1	00	0	00	0	0.01	0.01	1	0.1	
12.42	0	-0.04061098	-0.04061098	1	00	0	00	0	0.01	0.01	1	0.1	
12.44	0	-0.02061098	-0.02061098	1	00	0	00	0	0.01	0.01	1	0.1	
12.46	0	-0.0006109774	-0.0006109774	1	00	0	00	0	0.01	0.01	1	0.1	
12.48	0	-0.0006109774	-0.0006109774	0	00	0	00	0	0.01	0.01	1	0.1	
12.5	0	-0.0006109774	-0.0006109774	0	00	0	00	0	0.01	0.01	1	0.1	
12.52	0	-0.0006109774	-0.0006109774	0	00	0	00	0	0.01	0.01	1	0.1	
12.54	0	-0.0006109774	-0.0006109774	0	00	0	00	0	0.01	0.01	1	0.1	
12.56	0	-0.0006109774	-0.0006109774	0	00	0	00	0	0.01	0.01	1	0.1	
12.58	0	-0.0006109774	-0.0006109774	0	00	0	00	0	0.01	0.01	1	0.1	
12.6	0	-0.0006109774	-0.0006109774	0	00	0	00	0	0.01	0.01	1	0.1	
12.62	0	-0.0006109774	-0.0006109774	0	00	0	00	0	0.01	0.01	1	0.1	
12.64	0	-0.0006109774	-0.0006109774	0	00	0	00	0	0.01	0.01	1	0.1	
12.66	0	-0.0006109774	-0.0006109774	0	00	0	00	0	0.01	0.01	1	0.1	
12.68	0	-0.0006109774	-0.0006109774	0	00	0	00	0	0.01	0.01	1	0.1	
12.7	0	-0.0006109774	-0.0006109774	0	00	0	00	0	0.01	0.01	1	0.1	
12.72	0	-0.0006109774	-0.0006109774	0	00	0	00	0	0.01	0.01	1	0.1	
12.74	0	-0.0006109774	-0.0006109774	0	00	0	00	0	0.01	0.01	1	0.1	
12.76	0	-0.0006109774	-0.0006109774	0	00	0	00	0	0.01	0.01	1	0.1	
12.78	0	-0.0006109774	-0.0006109774	0	00	0	00	0	0.01	0.01	1	0.1	
12.8	0	-0.0006109774	-0.0006109774	0	00	0	00	0	0.01	0.01	1	0.1	
12.82	0	-0.0006109774	-0.0006109774	0	00	0	00	0	0.01	0.01	1	0.1	
12.84	0	-0.0006109774	-0.0006109774	0	00	0	00	0	0.01	0.01	1	0.1	
12.86	0	-0.0006109774	-0.0006109774	0	00	0	00	0	0.01	0.01	1	0.1	
12.88	0	-0.0006109774	-0.0006109774	0	00	0	00	0	0.01	0.01	1	0.1	
12.9	0	-0.0006109774	-0.0006109774	0	00	0	00	0	0.01	0.01	1	0.1	
12.92	0	-0.0006109774	-0.0006109774	0	00	0	00	0	0.01	0.01	1	0.1	
12.94	0	-0.0006109774	-0.0006109774	0	00	0	00	0	0.01	0.01	1	0.1	
12.96	0	-0.0006109774	-0.0006109774	0	00	0	00	0	0.01	0.01	1	0.1	
12.98	0	-0.0006109774	-0.0006109774	0	00	0	00	0	0.01	0.01	1	0.1	
13	0	-0.0006109774	-0.0006109774	0	00	0	00	0	0.01	0.01	1	0.1	
13.02	0	-0.0006109774	-0.0006109774	0	00	0	00	0	0.01	0.01	1	0.1	
13.04	0	-0.0006109774	-0.0006109774	0	00	0	00	0	0.01	0.01	1	0.1	
13.06	0	-0.0006109774	-0.0006109774	0	00	0	00	0	0.01	0.01	1	0.1	
13.08	0	-0.0006109774	-0.0006109774	0	00	0	00	0	0.01	0.01	1	0.1	
13.1	0	-0.0006109774	-0.0006109774	0	00	0	00	0	0.01	0.01	1	0.1	
13.12	0	-0.0006109774	-0.0006109774	0	00	0	00	0	0.01	0.01	1	0.1	
13.14	0	-0.0006109774	-0.0006109774	0	00	0	00	0	0.01	0.01	1	0.1	
13.16	0	-0.0006109774	-0.0006109774	0	00	0	00	0	0.01	0.01	1	0.1	
13.18	0	-0.0006109774	-0.0006109774	0	00	0	00	0	0.01	0.01	1	0.1	
13.2	0	-0.0006109774	-0.0006109774	0	00	0	00	0	0.01	0.01	1	0.1	
13.22	0	-0.0006109774	-0.0006109774	0	00	0	00	0	0.01	0.01	1	0.1	
13.24	0	-0.0006109774	-0.0006109774	0	00	0	00	0	0.01	0.01	1	0.1	
13.26	0	-0.0006109774	-0.0006109774	0	00	0	00	0	0.01	0.01	1	0.1	
13.28	0	-0.0006109774	-0.0006109774	0	00	0	00	0	0.01	0.01	1	0.1	
13.3	0	-0.0006109774	-0.0006109774	0	00	0	00	0	0.01	0.01	1	0.1	
13.32	0	-0.0006109774	-0.0006109774	0	00	0	00	0	0.01	0.01	1	0.1	
13.34	0	-0.0006109774	-0.0006109774	0	00	0	00	0	0.01	0.01	1	0.1	
13.36	0	-0.0006109774	-0.0006109774	0	00	0	00	0	0.01	0.01	1	0.1	
13.38	0	-0.0006109774	-0.0006109774	0	00	0	00	0	0.01	0.01	1	0.1	
13.4	0	-0.0006109774	-0.0006109774	0	00	0	00	0	0.01	0.01	1	0.1	
13.42	0	-0.0006109774	-0.0006109774	0	00	0	00	0	0.01	0.01	1	0.1	
13.44	0	-0.0006109774	-0.0006109774	0	00	0	00	0	0.01	0.01	1	0.1	
13.46	0	-0.0006109774	-0.0006109774	0	00	0	00	0	0.01	0.01	1	0.1	
13.48	0	-0.0006109774	-0.0006109774	0	00	0	00	0	0.01	0.01	1	0.1	
13.5	0	-0.0006109774	-0.0006109774	0	00	0	00	0	0.01	0.01	1	0.1	
13.52	0	-0.0006109774	-0.0006109774	0	00	0	00	0	0.01	0.01	1	0.1	
13.54	0	-0.0006109774	-0.0006109774	0	00	0	00	0	0.01	0.01	1	0.1	
13.56	0	-0.0006109774	-0.0006109774	0	00	0	00	0	0.01	0.01	1	0.1	
13.58	0	-0.0006109774	-0.0006109774	0	00	0	00	0	0.01	0.01	1	0.1	
13.6	0	-0.0006109774	-0.0006109774	0	00	0	00	0	0.01	0.01	1	0.1	
13.62	0	-0.0006109774	-0.0006109774	0	00	0	00	0	0.01	0.01	1	0.1	
13.64	0	-0.0006109774	-0.0006109774	0	00	0	00	0	0.01	0.01	1	0.1	
13.66	0	-0.0006109774	-0.0006109774	0	00	0	00	0	0.01	0.01	1	0.1	
13.68	0	-0.0006109774	-0.0006109774	0	00	0	00	0	0.01	0.01	1	0.1	
13.7	0	-0.0006109774	-0.0006109774	0	00	0	00	0	0.01	0.01	1	0.1	
13.72	0	-0.0006109774	-0.0006109774	0	00	0	00	0	0.01	0.01	1	0.1	
13.74	0	-0.0006109774	-0.0006109774	0	00	0	00	0	0.01	0.01	1	0.1	
13.76	0	-0.0006109774	-0.0006109774	0	00	0	00	0	0.01	0.01	1	0.1	
13.78	0	-0.0006109774	-0.0006109774	0	00	0	00	0	0.01	0.01	1	0.1	
13.8	0	-0.0006109774	-0.0006109774	0	00	0	00	0	0.01	0.01	1	0.1	
13.82	0	-0.0006109774	-0.0006109774	0	00	0	00	0	0.01	0.01	1	0.1	
13.84	0	-0.0006109774	-0.0006109774	0	00	0	00	0	0.01	0.01	1	0.1	
13.86	0	-0.0006109774	-0.0006109774	0	00	0	00	0	0.01	0.01	1	0.1	
13.88	0	-0.0006109774	-0.0006109774	0	00	0	00	0	0.01	0.01	1	0.1	
13.9	0	-0.0006109774	-0.0006109774	0	00	0	00	0	0.01	0.01	1	0.1	
13.92	0	-0.0006109774	-0.0006109774	0	00	0	00	0	0.01	0.01	1	0.1	
13.94	0	-0.0006109774	-0.0006109774	0	00	0	00	0	0.01	0.01	1	0.1	
13.96	0	-0.0006109774	-0.0006109774	0	00	0	00	0	0.01	0.01	1	0.1	
13.98	0	-0.0006109774	-0.0006109774	0	00	0	00	0	0.01	0.01	1	0.1	
14	0	-0.0006109774	-0.0006109774	0	00	0	00	0	0.01	0.01	1	0.1	
14.02	0	-0.0006109774	-0.0006109774	0	00	0	00	0	0.01	0.01	1	0.1	
14.04	0	-0.0006109774	-0.0006109774	0	00	0	00	0	0.01	0.01	1	0.1	
14.06	0	-0.0006109774	-0.0006109774	0	00	0	00	0	0.01	0.01	1	0.1	
14.08	0	-0.0006109774	-0.0006109774	0	00	0	00	0	0.01	0.01	1	0.1	
14.1	0	-0.0006109774	-0.0006109774	0	00	0	00	0	0.01	0.01	1	0.1	
14.12	0	-0.0006109774	-0.0006109774	0	00	0	00	0	0.01	0.01	1	0.1	
14.14	0	-0.0006109774	-0.0006109774	0	00	0	00	0	0.01	0.01	1	0.1	
14.16	0	-0.0006109774	-0.0006109774	0	00	0	00	0	0.01	0.01	1	0.1	
14.18	0	-0.0006109774	-0.0006109774	0	00	0	00	0	0.01	0.01	1	0.1	
14.2	0	-0.0006109774	-0.0006109774	0	00	0	00	0	0.01	0.01	1	0.1	
14.22	0	-0.0006109774	-0.0006109774	0	00	0	00	0	0.01	0.01	1	0.1	
14.24	0	-0.0006109774	-0.0006109774	0	00	0	00	0	0.01	0.01	1	0.1	
14.26	0	-0.0006109774	-0.0006109774	0	00	0	00	0	0.01	0.01	1	0.1	
14.28	0	-0.0006109774	-0.0006109774	0	00	0	00	0	0.01	0.01	1	0.1	
14.3	0	-0.0006109774	-0.0006109774	0	00	0	00	0	0.01	0.01	1	0.1	
14.32	0	-0.0006109774	-0.0006109774	0	00	0	00	0	0.01	0.01	1	0.1	
14.34	0	-0.0006109774	-0.0006109774	0	00	0	00	0	0.01	0.01	1	0.1	
14.36	0	-0.0006109774	-0.0006109774	0	00	0	00	0	0.01	0.01	1	0.1	
14.38	0	-0.0006109774	-0.0006109774	0	00	0	00	0	0.01	0.01	1	0.1	
14.4	0	-0.0006109774	-0.0006109774	0	00	0	00	0	0.01	0.01	1	0.1	
14.42	0	-0.0006109774	-0.0006109774	0	00	0	00	0	0.01	0.01	1	0.1	
14.44	0	-0.0006109774	-0.0006109774	0	00	0	00	0	0.01	0.01	1	0.1	
14.46	0	-0.0006109774	-0.0006109774	0	00	0	00	0	0.01	0.01	1	0.1	
14.48	0.02	-0.0006109774	-0.0006109774	0	00.02	1	00	0	0.01	0.01	1	0.1	
14.5	0.04	-0.0006109774	-0.0006109774	0	00.04	1	00	0	0.01	0.01	1	0.1	
14.52	0.06	-0.0006109774	-0.0006109774	0	00.06	1	00	0	0.01	0.01	1	0.1	
14.54	0.08	-0.0006109774	-0.0006109774	0	00.08	1	00	0	0.01	0.01	1	0.1	
14.56	0.09999999	-0.0006109774	-0.0006109774	0	00.09999999	1	00	0	0.01	0.01	1	0.1	
14.58	0.12	-0.0006109774	-0.0006109774	0	00.12	1	00	0	0.01	0.01	1	0.1	
14.6	0.14	-0.0006109774	-0.0006109774	0	00.14	1	00	0	0.01	0.01	1	0.1	
14.62	0.16	-0.0006109774	-0.0006109774	0	00.16	1	00	0	0.01	0.01	1	0.1	
14.64	0.18	-0.0006109774	-0.0006109774	0	00.18	1	00	0	0.01	0.01	1	0.1	
14.66	0.2	-0.0006109774	-0.0006109774	0	00.2	1	00	0	0.01	0.01	1	0.1	
14.68	0.22	-0.0006109774	-0.0006109774	0	00.22	1	00	0	0.01	0.01	1	0.1	
14.7	0.24	-0.0006109774	-0.0006109774	0	00.24	1	00	0	0.01	0.01	1	0.1	
14.72	0.26	-0.0006109774	-0.0006109774	0	00.26	1	00	0	0.01	0.01	1	0.1	
14.74	0.28	-0.0006109774	-0.0006109774	0	00.28	1	00	0	0.01	0.01	1	0.1	
14.76	0.3	-0.0006109774	-0.0006109774	0	00.3	1	00	0	0.01	0.01	1	0.1	
14.78	0.32	-0.0006109774	-0.0006109774	0	00.32	1	00	0	0.01	0.01	1	0.1	
14.8	0.34	-0.0006109774	-0.0006109774	0	00.34	1	00	0	0.01	0.01	1	0.1	
14.82	0.34	-0.0006109774	-0.0006109774	0	00.34	0	00	0	0.01	0.01	1	0.1	
14.84	0.34	-0.0006109774	-0.0006109774	0	00.34	0	00	0	0.01	0.01	1	0.1	
14.86	0.34	-0.0006109774	-0.0006109774	0	00.34	0	00	0	0.01	0.01	1	0.1	
14.88	0.34	-0.0006109774	-0.0006109774	0	00.34	0	00	0	0.01	0.01	1	0.1	
14.9	0.34	-0.0006109774	-0.0006109774	0	00.34	0	00	0	0.01	0.01	1	0.1	
14.92	0.34	-0.0006109774	-0.0006109774	0	00.34	0	00	0	0.01	0.01	1	0.1	
14.94	0.34	-0.0006109774	-0.0006109774	0	00.34	0	00	0	0.01	0.01	1	0.1	
14.96	0.34	-0.0006109774	-0.0006109774	0	00.34	0	00	0	0.01	0.01	1	0.1	
14.98	0.34	-0.0006109774	-0.0006109774	0	00.34	0	00	0	0.01	0.01	1	0.1	
15	0.34	-0.0006109774	-0.0006109774	0	00.34	0	00	0	0.01	0.01	1	0.1	
15.02	0.34	-0.0006109774	-0.0006109774	0	00.34	0	00	0	0.01	0.01	1	0.1	
15.04	0.34	-0.0006109774	-0.0006109774	0	00.34	0	00	0	0.01	0.01	1	0.1	
15.06	0.34	-0.0006109774	-0.0006109774	0	00.34	0	00	0	0.01	0.01	1	0.1	
15.08	0.34	-0.0006109774	-0.0006109774	0	00.34	0	00	0	0.01	0.01	1	0.1	
15.1	0.34	-0.0006109774	-0.0006109774	0	00.34	0	00	0	0.01	0.01	1	0.1	
15.12	0.34	-0.0006109774	-0.0006109774	0	00.34	0	00	0	0.01	0.01	1	0.1	
15.14	0.34	-0.02061098	-0.02061098	-1	00.34	0	00	0	0.01	0.01	1	0.1	
15.16	0.34	-0.04061098	-0.04061098	-1	00.34	0	00	0	0.01	0.01	1	0.1	
15.18	0.34	-0.06061098	-0.06061098	-1	00.34	0	00	0	0.01	0.01	1	0.1	
15.2	0.34	-0.08061098	-0.08061098	-1	00.34	0	00	0	0.01	0.01	1	0.1	
15.22	0.34	-0.100611	-0.100611	-1	00.34	0	00	0	0.01	0.01	1	0.1	
15.24	0.34	-0.120611	-0.120611	-1	00.34	0	00	0	0.01	0.01	1	0.1	
15.26	0.34	-0.140611	-0.140611	-1	00.34	0	00	0	0.01	0.01	1	0.1	
15.28	0.34	-0.160611	-0.160611	-1	00.34	0	00	0	0.01	0.01	1	0.1	
15.3	0.34	-0.180611	-0.180611	-1	00.34	0	00	0	0.01	0.01	1	0.1	
15.32	0.34	-0.200611	-0.200611	-1	00.34	0	00	0	0.01	0.01	1	0.1	
15.34	0.34	-0.2206109	-0.2206109	-1	00.34	0	00	0	0.01	0.01	1	0.1	
15.36	0.34	-0.2406109	-0.2406109	-1	00.34	0	00	0	0.01	0.01	1	0.1	
15.38	0.34	-0.2606109	-0.2606109	-1	00.34	0	00	0	0.01	0.01	1	0.1	
15.4	0.34	-0.2806109	-0.2806109	-1	00.34	0	00	0	0.01	0.01	1	0.1	
15.42	0.34	-0.300611	-0.300611	-1	00.34	0	00	0	0.01	0.01	1	0.1	
15.44	0.34	-0.320611	-0.320611	-1	00.34	0	00	0	0.01	0.01	1	0.1	
15.46	0.34	-0.340611	-0.340611	-1	00.34	0	00	0	0.01	0.01	1	0.1	
15.48	0.34	-0.360611	-0.360611	-1	00.34	0	00	0	0.01	0.01	1	0.1	
15.5	0.34	-0.380611	-0.380611	-1	00.34	0	00	0	0.01	0.01	1	0.1	
15.52	0.34	-0.400611	-0.400611	-1	00.34	0	00	0	0.01	0.01	1	0.1	
15.54	0.34	-0.420611	-0.420611	-1	00.34	0	00	0	0.01	0.01	1	0.1	
15.56	0.34	-0.440611	-0.440611	-1	00.34	0	00	0	0.01	0.01	1	0.1	
15.58	0.34	-0.460611	-0.460611	-1	00.34	0	00	0	0.01	0.01	1	0.1	
15.6	0.34	-0.4806111	-0.4806111	-1	00.34	0	00	0	0.01	0.01	1	0.1	
15.62	0.34	-0.5006111	-0.5006111	-1	00.34	0	00	0	0.01	0.01	1	0.1	
15.64	0.34	-0.520611	-0.520611	-1	00.34	0	00	0	0.01	0.01	1	0.1	
15.66	0.34	-0.540611	-0.540611	-1	00.34	0	00	0	0.01	0.01	1	0.1	
15.68	0.34	-0.560611	-0.560611	-1	00.34	0	00	0	0.01	0.01	1	0.1	
15.7	0.34	-0.580611	-0.580611	-1	00.34	0	00	0	0.01	0.01	1	0.1	
15.72	0.34	-0.600611	-0.600611	-1	00.34	0	00	0	0.01	0.01	1	0.1	
15.74	0.34	-0.620611	-0.620611	-1	00.34	0	00	0	0.01	0.01	1	0.1	
15.76	0.34	-0.6406109	-0.6406109	-1	00.34	0	00	0	0.01	0.01	1	0.1	
15.78	0.34	-0.6606109	-0.6606109	-1	00.34	0	00	0	0.01	0.01	1	0.1	
15.8	0.34	-0.6806109	-0.6806109	-1	00.34	0	00	0	0.01	0.01	1	0.1	
15.82	0.34	-0.6806109	-0.6806109	0	00.34	0	00	0	0.01	0.01	1	0.1	
15.84	0.34	-0.6806109	-0.6806109	0	00.34	0	00	0	0.01	0.01	1	0.1	
15.86	0.34	-0.6806109	-0.6806109	0	00.34	0	00	0	0.01	0.01	1	0.1	
15.88	0.34	-0.6806109	-0.6806109	0	00.34	0	00	0	0.01	0.01	1	0.1	
15.9	0.34	-0.6806109	-0.6806109	0	00.34	0	00	0	0.01	0.01	1	0.1	
15.92	0.34	-0.6806109	-0.6806109	0	00.34	0	00	0	0.01	0.01	1	0.1	
15.94	0.34	-0.6806109	-0.6806109	0	00.34	0	00	0	0.01	0.01	1	0.1	
15.96	0.34	-0.6806109	-0.6806109	0	00.34	0	00	0	0.01	0.01	1	0.1	
15.98	0.34	-0.6806109	-0.6806109	0	00.34	0	00	0	0.01	0.01	1	0.1	
16	0.34	-0.6806109	-0.6806109	0	00.34	0	00	0	0.01	0.01	1	0.1	
16.02	0.34	-0.6806109	-0.6806109	0	00.34	0	00	0	0.01	0.01	1	0.1	
16.04	0.34	-0.6806109	-0.6806109	0	00.34	0	00	0	0.01	0.01	1	0.1	
16.06	0.34	-0.6806109	-0.6806109	0	00.34	0	00	0	0.01	0.01	1	0.1	
16.08	0.34	-0.6806109	-0.6806109	0	00.34	0	00	0	0.01	0.01	1	0.1	
16.1	0.34	-0.6806109	-0.6806109	0	00.34	0	00	0	0.01	0.01	1	0.1	
16.12	0.34	-0.6806109	-0.6806109	0	00.34	0	00	0	0.01	0.01	1	0.1	
16.14	0.34	-0.6606109	-0.6606109	1	00.34	0	00	0	0.01	0.01	1	0.1	
16.16	0.34	-0.6406109	-0.6406109	1	00.34	0	00	0	0.01	0.01	1	0.1	
16.18	0.34	-0.620611	-0.620611	1	00.34	0	00	0	0.01	0.01	1	0.1	
16.2	0.34	-0.600611	-0.600611	1	00.34	0	00	0	0.01	0.01	1	0.1	
16.22	0.34	-0.580611	-0.580611	1	00.34	0	00	0	0.01	0.01	1	0.1	
16.24	0.34	-0.560611	-0.560611	1	00.34	0	00	0	0.01	0.01	1	0.1	
16.26	0.34	-0.540611	-0.540611	1	00.34	0	00	0	0.01	0.01	1	0.1	
16.28	0.34	-0.520611	-0.520611	1	00.34	0	00	0	0.01	0.01	1	0.1	
16.3	0.34	-0.5006111	-0.5006111	1	00.34	0	00	0	0.01	0.01	1	0.1	
16.32	0.34	-0.4806111	-0.4806111	1	00.34	0	00	0	0.01	0.01	1	0.1	
16.34	0.34	-0.460611	-0.460611	1	00.34	0	00	0	0.01	0.01	1	0.1	
16.36	0.34	-0.440611	-0.440611	1	00.34	0	00	0	0.01	0.01	1	0.1	
16.38	0.34	-0.420611	-0.420611	1	00.34	0	00	0	0.01	0.01	1	0.1	
16.4	0.34	-0.400611	-0.400611	1	00.34	0	00	0	0.01	0.01	1	0.1	
16.42	0.34	-0.380611	-0.380611	1	00.34	0	00	0	0.01	0.01	1	0.1	
16.44	0.34	-0.360611	-0.360611	1	00.34	0	00	0	0.01	0.01	1	0.1	
16.46	0.34	-0.340611	-0.340611	1	00.34	0	00	0	0.01	0.01	1	0.1	
16.48	0.34	-0.320611	-0.320611	1	00.34	0	00	0	0.01	0.01	1	0.1	
16.5	0.34	-0.300611	-0.300611	1	00.34	0	00	0	0.01	0.01	1	0.1	
16.52	0.34	-0.2806109	-0.2806109	1	00.34	0	00	0	0.01	0.01	1	0.1	
16.54	0.34	-0.2606109	-0.2606109	1	00.34	0	00	0	0.01	0.01	1	0.1	
16.56	0.34	-0.2406109	-0.2406109	1	00.34	0	00	0	0.01	0.01	1	0.1	
16.58	0.34	-0.2206109	-0.2206109	1	00.34	0	00	0	0.01	0.01	1	0.1	
16.6	0.34	-0.200611	-0.200611	1	00.34	0	00	0	0.01	0.01	1	0.1	
16.62	0.34	-0.180611	-0.180611	1	00.34	0	00	0	0.01	0.01	1	0.1	
16.64	0.34	-0.160611	-0.160611	1	00.34	0	00	0	0.01	0.01	1	0.1	
16.66	0.34	-0.140611	-0.140611	1	00.34	0	00	0	0.01	0.01	1	0.1	
16.68	0.34	-0.120611	-0.120611	1	00.34	0	00	0	0.01	0.01	1	0.1	
16.7	0.34	-0.100611	-0.100611	1	00.34	0	00	0	0.01	0.01	1	0.1	
16.72	0.34	-0.08061098	-0.08061098	1	00.34	0	00	0	0.01	0.01	1	0.1	
16.74	0.34	-0.06061098	-0.06061098	1	00.34	0	00	0	0.01	0.01	1	0.1	
16.76	0.34	-0.04061098	-0.04061098	1	00.34	0	00	0	0.01	0.01	1	0.1	
16.78	0.34	-0.02061098	-0.02061098	1	00.34	0	00	0	0.01	0.01	1	0.1	
16.8	0.34	-0.0006109774	-0.0006109774	1	00.34	0	00	0	0.01	0.01	1	0.1	
16.82	0.34	0.01938902	0.01938902	1	00.34	0	00	0	0.01	0.01	1	0.1	
16.84	0.34	0.03938902	0.03938902	1	00.34	0	00	0	0.01	0.01	1	0.1	
16.86	0.34	0.05938902	0.05938902	1	00.34	0	00	0	0.01	0.01	1	0.1	
16.88	0.34	0.07938902	0.07938902	1	00.34	0	00	0	0.01	0.01	1	0.1	
16.9	0.34	0.09938902	0.09938902	1	00.34	0	00	0	0.01	0.01	1	0.1	
16.92	0.34	0.119389	0.119389	1	00.34	0	00	0	0.01	0.01	1	0.1	
16.94	0.34	0.139389	0.139389	1	00.34	0	00	0	0.01	0.01	1	0.1	
16.96	0.34	0.159389	0.159389	1	00.34	0	00	0	0.01	0.01	1	0.1	
16.98	0.34	0.179389	0.179389	1	00.34	0	00	0	0.01	0.01	1	0.1	
17	0.34	0.199389	0.199389	1	00.34	0	00	0	0.01	0.01	1	0.1	
17.02	0.34	0.219389	0.219389	1	00.34	0	00	0	0.01	0.01	1	0.1	
17.04	0.34	0.239389	0.239389	1	00.34	0	00	0	0.01	0.01	1	0.1	
17.06	0.34	0.259389	0.259389	1	00.34	0	00	0	0.01	0.01	1	0.1	
17.08	0.34	0.279389	0.279389	1	00.34	0	00	0	0.01	0.01	1	0.1	
17.1	0.34	0.299389	0.299389	1	00.34	0	00	0	0.01	0.01	1	0.1	
17.12	0.34	0.319389	0.319389	1	00.34	0	00	0	0.01	0.01	1	0.1	
17.14	0.34	0.339389	0.339389	1	00.34	0	00	0	0.01	0.01	1	0.1	
17.16	0.34	0.359389	0.359389	1	00.34	0	00	0	0.01	0.01	1	0.1	
17.18	0.34	0.379389	0.379389	1	00.34	0	00	0	0.01	0.01	1	0.1	
17.2	0.34	0.3993891	0.3993891	1	00.34	0	00	0	0.01	0.01	1	0.1	
17.22	0.34	0.4193891	0.4193891	1	00.34	0	00	0	0.01	0.01	1	0.1	
17.24	0.34	0.4393891	0.4393891	1	00.34	0	00	0	0.01	0.01	1	0.1	
17.26	0.34	0.4593891	0.4593891	1	00.34	0	00	0	0.01	0.01	1	0.1	
17.28	0.34	0.4793891	0.4793891	1	00.34	0	00	0	0.01	0.01	1	0.1	
17.3	0.34	0.4993891	0.4993891	1	00.34	0	00	0	0.01	0.01	1	0.1	
17.32	0.34	0.5193891	0.5193891	1	00.34	0	00	0	0.01	0.01	1	0.1	
17.34	0.34	0.5393891	0.5393891	1	00.34	0	00	0	0.01	0.01	1	0.1	
17.36	0.34	0.5593891	0.5593891	1	00.34	0	00	0	0.01	0.01	1	0.1	
17.38	0.34	0.579389	0.579389	1	00.34	0	00	0	0.01	0.01	1	0.1	
17.4	0.34	0.599389	0.599389	1	00.34	0	00	0	0.01	0.01	1	0.1	
17.42	0.34	0.619389	0.619389	1	00.34	0	00	0	0.01	0.01	1	0.1	
17.44	0.34	0.639389	0.639389	1	00.34	0	00	0	0.01	0.01	1	0.1	
17.46	0.34	0.659389	0.659389	1	00.34	0	00	0	0.01	0.01	1	0.1	
17.48	0.34	0.659389	0.659389	0	00.34	0	00	0	0.01	0.01	1	0.1	
17.5	0.34	0.659389	0.659389	0	00.34	0	00	0	0.01	0.01	1	0.1	
17.52	0.34	0.659389	0.659389	0	00.34	0	00	0	0.01	0.01	1	0.1	
17.54	0.34	0.659389	0.659389	0	00.34	0	00	0	0.01	0.01	1	0.1	
17.56	0.34	0.659389	0.659389	0	00.34	0	00	0	0.01	0.01	1	0.1	
17.58	0.34	0.659389	0.659389	0	00.34	0	00	0	0.01	0.01	1	0.1	
17.6	0.34	0.659389	0.659389	0	00.34	0	00	0	0.01	0.01	1	0.1	
17.62	0.34	0.659389	0.659389	0	00.34	0	00	0	0.01	0.01	1	0.1	
17.64	0.34	0.659389	0.659389	0	00.34	0	00	0	0.01	0.01	1	0.1	
17.66	0.34	0.659389	0.659389	0	00.34	0	00	0	0.01	0.01	1	0.1	
17.68	0.34	0.659389	0.659389	0	00.34	0	00	0	0.01	0.01	1	0.1	
17.7	0.34	0.659389	0.659389	0	00.34	0	00	0	0.01	0.01	1	0.1	
17.72	0.34	0.659389	0.659389	0	00.34	0	00	0	0.01	0.01	1	0.1	
17.74	0.34	0.659389	0.659389	0	00.34	0	00	0	0.01	0.01	1	0.1	
17.76	0.34	0.659389	0.659389	0	00.34	0	00	0	0.01	0.01	1	0.1	
17.78	0.34	0.659389	0.659389	0	00.34	0	00	0	0.01	0.01	1	0.1	
17.8	0.34	0.659389	0.659389	0	00.34	0	00	0	0.01	0.01	1	0.1	
17.82	0.34	0.639389	0.639389	-1	00.34	0	00	0	0.01	0.01	1	0.1	
17.84	0.34	0.619389	0.619389	-1	00.34	0	00	0	0.01	0.01	1	0.1	
17.86	0.34	0.599389	0.599389	-1	00.34	0	00	0	0.01	0.01	1	0.1	
17.88	0.34	0.579389	0.579389	-1	00.34	0	00	0	0.01	0.01	1	0.1	
17.9	0.34	0.5593891	0.5593891	-1	00.34	0	00	0	0.01	0.01	1	0.1	
17.92	0.34	0.5393891	0.5393891	-1	00.34	0	00	0	0.01	0.01	1	0.1	
17.94	0.34	0.5193891	0.5193891	-1	00.34	0	00	0	0.01	0.01	1	0.1	
17.96	0.34	0.4993891	0.4993891	-1	00.34	0	00	0	0.01	0.01	1	0.1	
17.98	0.34	0.4793891	0.4793891	-1	00.34	0	00	0	0.01	0.01	1	0.1	
18	0.34	0.4593891	0.4593891	-1	00.34	0	00	0	0.01	0.01	1	0.1	
18.02	0.34	0.4393891	0.4393891	-1	00.34	0	00	0	0.01	0.01	1	0.1	
18.04	0.34	0.419389	0.419389	-1	00.34	0	00	0	0.01	0.01	1	0.1	
18.06	0.34	0.399389	0.399389	-1	00.34	0	00	0	0.01	0.01	1	0.1	
18.08	0.34	0.379389	0.379389	-1	00.34	0	00	0	0.01	0.01	1	0.1	
18.1	0.34	0.359389	0.359389	-1	00.34	0	00	0	0.01	0.01	1	0.1	
18.12	0.34	0.339389	0.339389	-1	00.34	0	00	0	0.01	0.01	1	0.1	
18.14	0.34	0.319389	0.319389	-1	00.34	0	00	0	0.01	0.01	1	0.1	
18.16	0.34	0.299389	0.299389	-1	00.34	0	00	0	0.01	0.01	1	0.1	
18.18	0.34	0.279389	0.279389	-1	00.34	0	00	0	0.01	0.01	1	0.1	
18.2	0.34	0.259389	0.259389	-1	00.34	0	00	0	0.01	0.01	1	0.1	
18.22	0.34	0.239389	0.239389	-1	00.34	0	00	0	0.01	0.01	1	0.1	
18.24	0.34	0.219389	0.219389	-1	00.34	0	00	0	0.01	0.01	1	0.1	
18.26	0.34	0.199389	0.199389	-1	00.34	0	00	0	0.01	0.01	1	0.1	
18.28	0.34	0.179389	0.179389	-1	00.34	0	00	0	0.01	0.01	1	0.1	
18.3	0.34	0.159389	0.159389	-1	00.34	0	00	0	0.01	0.01	1	0.1	
18.32	0.34	0.139389	0.139389	-1	00.34	0	00	0	0.01	0.01	1	0.1	
18.34	0.34	0.119389	0.119389	-1	00.34	0	00	0	0.01	0.01	1	0.1	
18.36	0.34	0.09938899	0.09938899	-1	00.34	0	00	0	0.01	0.01	1	0.1	
18.38	0.34	0.07938899	0.07938899	-1	00.34	0	00	0	0.01	0.01	1	0.1	
18.4	0.34	0.05938899	0.05938899	-1	00.34	0	00	0	0.01	0.01	1	0.1	
18.42	0.34	0.03938899	0.03938899	-1	00.34	0	00	0	0.01	0.01	1	0.1	
18.44	0.34	0.01938899	0.01938899	-1	00.34	0	00	0	0.01	0.01	1	0.1	
18.46	0.34	-0.0006110072	-0.0006110072	-1	00.34	0	00	0	0.01	0.01	1	0.1	
18.48	0.34	-0.02061101	-0.02061101	-1	00.34	0	00	0	0.01	0.01	1	0.1	
18.5	0.34	-0.04061101	-0.04061101	-1	00.34	0	00	0	0.01	0.01	1	0.1	
18.52	0.34	-0.06061101	-0.06061101	-1	00.34	0	00	0	0.01	0.01	1	0.1	
18.54	0.34	-0.08061101	-0.08061101	-1	00.34	0	00	0	0.01	0.01	1	0.1	
18.56	0.34	-0.100611	-0.100611	-1	00.34	0	00	0	0.01	0.01	1	0.1	
18.58	0.34	-0.120611	-0.120611	-1	00.34	0	00	0	0.01	0.01	1	0.1	
18.6	0.34	-0.140611	-0.140611	-1	00.34	0	00	0	0.01	0.01	1	0.1	
18.62	0.34	-0.160611	-0.160611	-1	00.34	0	00	0	0.01	0.01	1	0.1	
18.64	0.34	-0.180611	-0.180611	-1	00.34	0	00	0	0.01	0.01	1	0.1	
18.66	0.34	-0.200611	-0.200611	-1	00.34	0	00	0	0.01	0.01	1	0.1	
18.68	0.34	-0.220611	-0.220611	-1	00.34	0	00	0	0.01	0.01	1	0.1	
18.7	0.34	-0.240611	-0.240611	-1	00.34	0	00	0	0.01	0.01	1	0.1	
18.72	0.34	-0.260611	-0.260611	-1	00.34	0	00	0	0.01	0.01	1	0.1	
18.74	0.34	-0.280611	-0.280611	-1	00.34	0	00	0	0.01	0.01	1	0.1	
18.76	0.34	-0.300611	-0.300611	-1	00.34	0	00	0	0.01	0.01	1	0.1	
18.78	0.34	-0.320611	-0.320611	-1	00.34	0	00	0	0.01	0.01	1	0.1	
18.8	0.34	-0.340611	-0.340611	-1	00.34	0	00	0	0.01	0.01	1	0.1	
18.82	0.34	-0.360611	-0.360611	-1	00.34	0	00	0	0.01	0.01	1	0.1	
18.84	0.34	-0.380611	-0.380611	-1	00.34	0	00	0	0.01	0.01	1	0.1	
18.86	0.34	-0.400611	-0.400611	-1	00.34	0	00	0	0.01	0.01	1	0.1	
18.88	0.34	-0.4206111	-0.4206111	-1	00.34	0	00	0	0.01	0.01	1	0.1	
18.9	0.34	-0.4406111	-0.4406111	-1	00.34	0	00	0	0.01	0.01	1	0.1	
18.92	0.34	-0.4606111	-0.4606111	-1	00.34	0	00	0	0.01	0.01	1	0.1	
18.94	0.34	-0.4806111	-0.4806111	-1	00.34	0	00	0	0.01	0.01	1	0.1	
18.96	0.34	-0.5006111	-0.5006111	-1	00.34	0	00	0	0.01	0.01	1	0.1	
18.98	0.34	-0.520611	-0.520611	-1	00.34	0	00	0	0.01	0.01	1	0.1	
19	0.34	-0.540611	-0.540611	-1	00.34	0	00	0	0.01	0.01	1	0.1	
19.02	0.34	-0.560611	-0.560611	-1	00.34	0	00	0	0.01	0.01	1	0.1	
19.04	0.34	-0.580611	-0.580611	-1	00.34	0	00	0	0.01	0.01	1	0.1	
19.06	0.34	-0.600611	-0.600611	-1	00.34	0	00	0	0.01	0.01	1	0.1	
19.08	0.34	-0.620611	-0.620611	-1	00.34	0	00	0	0.01	0.01	1	0.1	
19.1	0.34	-0.6406109	-0.6406109	-1	00.34	0	00	0	0.01	0.01	1	0.1	
19.12	0.34	-0.6606109	-0.6606109	-1	00.34	0	00	0	0.01	0.01	1	0.1	
19.14	0.34	-0.6806109	-0.6806109	-1	00.34	0	00	0	0.01	0.01	1	0.1	
19.16	0.34	-0.7006109	-0.7006109	-1	00.34	0	00	0	0.01	0.01	1	0.1	
19.18	0.34	-0.7206109	-0.7206109	-1	00.34	0	00	0	0.01	0.01	1	0.1	
19.2	0.34	-0.7406108	-0.7406108	-1	00.34	0	00	0	0.01	0.01	1	0.1	
19.22	0.34	-0.7606108	-0.7606108	-1	00.34	0	00	0	0.01	0.01	1	0.1	
19.24	0.34	-0.7806108	-0.7806108	-1	00.34	0	00	0	0.01	0.01	1	0.1	
19.26	0.34	-0.8006108	-0.8006108	-1	00.34	0	00	0	0.01	0.01	1	0.1	
19.28	0.34	-0.8206108	-0.8206108	-1	00.34	0	00	0	0.01	0.01	1	0.1	
19.3	0.34	-0.8406107	-0.8406107	-1	00.34	0	00	0	0.01	0.01	1	0.1	
19.32	0.34	-0.8606107	-0.8606107	-1	00.34	0	00	0	0.01	0.01	1	0.1	
19.34	0.34	-0.8806107	-0.8806107	-1	00.34	0	00	0	0.01	0.01	1	0.1	
19.36	0.34	-0.9006107	-0.9006107	-1	00.34	0	00	0	0.01	0.01	1	0.1	
19.38	0.34	-0.9206107	-0.9206107	-1	00.34	0	00	0	0.01	0.01	1	0.1	
19.4	0.34	-0.9406106	-0.9406106	-1	00.34	0	00	0	0.01	0.01	1	0.1	
19.42	0.34	-0.9606106	-0.9606106	-1	00.34	0	00	0	0.01	0.01	1	0.1	
19.44	0.34	-0.9806106	-0.9806106	-1	00.34	0	00	0	0.01	0.01	1	0.1	
19.46	0.34	-1.000611	-1.000611	-1	00.34	0	00	0	0.01	0.01	1	0.1	
19.48	0.34	-1.020611	-1.020611	-1	00.34	0	00	0	0.01	0.01	1	0.1	
19.5	0.34	-1.040611	-1.040611	-1	00.34	0	00	0	0.01	0.01	1	0.1	
19.52	0.34	-1.060611	-1.060611	-1	00.34	0	00	0	0.01	0.01	1	0.1	
19.54	0.34	-1.080611	-1.080611	-1	00.34	0	00	0	0.01	0.01	1	0.1	
19.56	0.34	-1.10061	-1.10061	-1	00.34	0	00	0	0.01	0.01	1	0.1	
19.58	0.34	-1.12061	-1.12061	-1	00.34	0	00	0	0.01	0.01	1	0.1	
19.6	0.34	-1.14061	-1.14061	-1	00.34	0	00	0	0.01	0.01	1	0.1	
19.62	0.34	-1.16061	-1.16061	-1	00.34	0	00	0	0.01	0.01	1	0.1	
19.64	0.34	-1.18061	-1.18061	-1	00.34	0	00	0	0.01	0.01	1	0.1	
19.66	0.34	-1.20061	-1.20061	-1	00.34	0	00	0	0.01	0.01	1	0.1	
19.68	0.34	-1.22061	-1.22061	-1	00.34	0	00	0	0.01	0.01	1	0.1	
19.7	0.34	-1.24061	-1.24061	-1	00.34	0	00	0	0.01	0.01	1	0.1	
19.72	0.34	-1.26061	-1.26061	-1	00.34	0	00	0	0.01	0.01	1	0.1	
19.74	0.34	-1.28061	-1.28061	-1	00.34	0	00	0	0.01	0.01	1	0.1	
19.76	0.34	-1.30061	-1.30061	-1	00.34	0	00	0	0.01	0.01	1	0.1	
19.78	0.34	-1.32061	-1.32061	-1	00.34	0	00	0	0.01	0.01	1	0.1	
19.8	0.34	-1.34061	-1.34061	-1	00.34	0	00	0	0.01	0.01	1	0.1	
19.82	0.34	-1.36061	-1.36061	-1	00.34	0	00	0	0.01	0.01	1	0.1	
19.84	0.34	-1.38061	-1.38061	-1	00.34	0	00	0	0.01	0.01	1	0.1	
19.86	0.34	-1.40061	-1.40061	-1	00.34	0	00	0	0.01	0.01	1	0.1	
19.88	0.34	-1.42061	-1.42061	-1	00.34	0	00	0	0.01	0.01	1	0.1	
19.9	0.34	-1.44061	-1.44061	-1	00.34	0	00	0	0.01	0.01	1	0.1	
19.92	0.34	-1.46061	-1.46061	-1	00.34	0	00	0	0.01	0.01	1	0.1	
19.94	0.34	-1.48061	-1.48061	-1	00.34	0	00	0	0.01	0.01	1	0.1	
19.96	0.34	-1.50061	-1.50061	-1	00.34	0	00	0	0.01	0.01	1	0.1	
19.98	0.34	-1.52061	-1.52061	-1	00.34	0	00	0	0.01	0.01	1	0.1	
20	0.34	-1.54061	-1.54061	-1	00.34	0	00	0	0.01	0.01	1	0.1	
20.02	0.34	-1.56061	-1.56061	-1	00.34	0	00	0	0.01	0.01	1	0.1	
20.04	0.34	-1.58061	-1.58061	-1	00.34	0	00	0	0.01	0.01	1	0.1	
20.06	0.34	-1.60061	-1.60061	-1	00.34	0	00	0	0.01	0.01	1	0.1	
20.08	0.34	-1.62061	-1.62061	-1	00.34	0	00	0	0.01	0.01	1	0.1	
20.1	0.34	-1.64061	-1.64061	-1	00.34	0	00	0	0.01	0.01	1	0.1	
20.12	0.34	-1.66061	-1.66061	-1	00.34	0	00	0	0.01	0.01	1	0.1	
20.14	0.34	-1.66061	-1.66061	0	00.34	0	00	0	0.01	0.01	1	0.1	
20.16	0.34	-1.66061	-1.66061	0	00.34	0	00	0	0.01	0.01	1	0.1	
20.18	0.34	-1.66061	-1.66061	0	00.34	0	00	0	0.01	0.01	1	0.1	
20.2	0.34	-1.66061	-1.66061	0	00.34	0	00	0	0.01	0.01	1	0.1	
20.22	0.34	-1.66061	-1.66061	0	00.34	0	00	0	0.01	0.01	1	0.1	
20.24	0.34	-1.66061	-1.66061	0	00.34	0	00	0	0.01	0.01	1	0.1	
20.26	0.34	-1.66061	-1.66061	0	00.34	0	00	0	0.01	0.01	1	0.1	
20.28	0.34	-1.66061	-1.66061	0	00.34	0	00	0	0.01	0.01	1	0.1	
20.3	0.34	-1.66061	-1.66061	0	00.34	0	00	0	0.01	0.01	1	0.1	
20.32	0.34	-1.66061	-1.66061	0	00.34	0	00	0	0.01	0.01	1	0.1	
20.34	0.34	-1.66061	-1.66061	0	00.34	0	00	0	0.01	0.01	1	0.1	
20.36	0.34	-1.66061	-1.66061	0	00.34	0	00	0	0.01	0.01	1	0.1	
20.38	0.34	-1.66061	-1.66061	0	00.34	0	00	0	0.01	0.01	1	0.1	
20.4	0.34	-1.66061	-1.66061	0	00.34	0	00	0	0.01	0.01	1	0.1	
20.42	0.34	-1.66061	-1.66061	0	00.34	0	00	0	0.01	0.01	1	0.1	
20.44	0.34	-1.66061	-1.66061	0	00.34	0	00	0	0.01	0.01	1	0.1	
20.46	0.34	-1.66061	-1.66061	0	00.34	0	00	0	0.01	0.01	1	0.1	
20.48	0.34	-1.64061	-1.64061	1	00.34	0	00	0	0.01	0.01	1	0.1	
20.5	0.34	-1.62061	-1.62061	1	00.34	0	00	0	0.01	0.01	1	0.1	
20.52	0.34	-1.60061	-1.60061	1	00.34	0	00	0	0.01	0.01	1	0.1	
20.54	0.34	-1.58061	-1.58061	1	00.34	0	00	0	0.01	0.01	1	0.1	
20.56	0.34	-1.56061	-1.56061	1	00.34	0	00	0	0.01	0.01	1	0.1	
20.58	0.34	-1.54061	-1.54061	1	00.34	0	00	0	0.01	0.01	1	0.1	
20.6	0.34	-1.52061	-1.52061	1	00.34	0	00	0	0.01	0.01	1	0.1	
20.62	0.34	-1.50061	-1.50061	1	00.34	0	00	0	0.01	0.01	1	0.1	
20.64	0.34	-1.48061	-1.48061	1	00.34	0	00	0	0.01	0.01	1	0.1	
20.66	0.34	-1.46061	-1.46061	1	00.34	0	00	0	0.01	0.01	1	0.1	
20.68	0.34	-1.44061	-1.44061	1	00.34	0	00	0	0.01	0.01	1	0.1	
20.7	0.34	-1.42061	-1.42061	1	00.34	0	00	0	0.01	0.01	1	0.1	
20.72	0.34	-1.40061	-1.40061	1	00.34	0	00	0	0.01	0.01	1	0.1	
20.74	0.34	-1.38061	-1.38061	1	00.34	0	00	0	0.01	0.01	1	0.1	
20.76	0.34	-1.36061	-1.36061	1	00.34	0	00	0	0.01	0.01	1	0.1	
20.78	0.34	-1.34061	-1.34061	1	00.34	0	00	0	0.01	0.01	1	0.1	
20.8	0.34	-1.32061	-1.32061	1	00.34	0	00	0	0.01	0.01	1	0.1	
20.82	0.34	-1.30061	-1.30061	1	00.34	0	00	0	0.01	0.01	1	0.1	
20.84	0.34	-1.28061	-1.28061	1	00.34	0	00	0	0.01	0.01	1	0.1	
20.86	0.34	-1.26061	-1.26061	1	00.34	0	00	0	0.01	0.01	1	0.1	
20.88	0.34	-1.24061	-1.24061	1	00.34	0	00	0	0.01	0.01	1	0.1	
20.9	0.34	-1.22061	-1.22061	1	00.34	0	00	0	0.01	0.01	1	0.1	
20.92	0.34	-1.20061	-1.20061	1	00.34	0	00	0	0.01	0.01	1	0.1	
20.94	0.34	-1.18061	-1.18061	1	00.34	0	00	0	0.01	0.01	1	0.1	
20.96	0.34	-1.16061	-1.16061	1	00.34	0	00	0	0.01	0.01	1	0.1	
20.98	0.34	-1.14061	-1.14061	1	00.34	0	00	0	0.01	0.01	1	0.1	
21	0.34	-1.12061	-1.12061	1	00.34	0	00	0	0.01	0.01	1	0.1	
21.02	0.34	-1.10061	-1.10061	1	00.34	0	00	0	0.01	0.01	1	0.1	
21.04	0.34	-1.080611	-1.080611	1	00.34	0	00	0	0.01	0.01	1	0.1	
21.06	0.34	-1.060611	-1.060611	1	00.34	0	00	0	0.01	0.01	1	0.1	
21.08	0.34	-1.040611	-1.040611	1	00.34	0	00	0	0.01	0.01	1	0.1	
21.1	0.34	-1.020611	-1.020611	1	00.34	0	00	0	0.01	0.01	1	0.1	
21.12	0.34	-1.000611	-1.000611	1	00.34	0	00	0	0.01	0.01	1	0.1	
21.14	0.34	-0.9806106	-0.9806106	1	00.34	0	00	0	0.01	0.01	1	0.1	
21.16	0.34	-0.9606106	-0.9606106	1	00.34	0	00	0	0.01	0.01	1	0.1	
21.18	0.34	-0.9406106	-0.9406106	1	00.34	0	00	0	0.01	0.01	1	0.1	
21.2	0.34	-0.9206107	-0.9206107	1	00.34	0	00	0	0.01	0.01	1	0.1	
21.22	0.34	-0.9006107	-0.9006107	1	00.34	0	00	0	0.01	0.01	1	0.1	
21.24	0.34	-0.8806107	-0.8806107	1	00.34	0	00	0	0.01	0.01	1	0.1	
21.26	0.34	-0.8606107	-0.8606107	1	00.34	0	00	0	0.01	0.01	1	0.1	
21.28	0.34	-0.8406107	-0.8406107	1	00.34	0	00	0	0.01	0.01	1	0.1	
21.3	0.34	-0.8206108	-0.8206108	1	00.34	0	00	0	0.01	0.01	1	0.1	
21.32	0.34	-0.8006108	-0.8006108	1	00.34	0	00	0	0.01	0.01	1	0.1	
21.34	0.34	-0.7806108	-0.7806108	1	00.34	0	00	0	0.01	0.01	1	0.1	
21.36	0.34	-0.7606108	-0.7606108	1	00.34	0	00	0	0.01	0.01	1	0.1	
21.38	0.34	-0.7406108	-0.7406108	1	00.34	0	00	0	0.01	0.01	1	0.1	
21.4	0.34	-0.7206109	-0.7206109	1	00.34	0	00	0	0.01	0.01	1	0.1	
21.42	0.34	-0.7006109	-0.7006109	1	00.34	0	00	0	0.01	0.01	1	0.1	
21.44	0.34	-0.6806109	-0.6806109	1	00.34	0	00	0	0.01	0.01	1	0.1	
21.46	0.34	-0.6606109	-0.6606109	1	00.34	0	00	0	0.01	0.01	1	0.1	
21.48	0.34	-0.6606109	-0.6606109	0	00.34	0	00	0	0.01	0.01	1	0.1	
21.5	0.34	-0.6606109	-0.6606109	0	00.34	0	00	0	0.01	0.01	1	0.1	
21.52	0.34	-0.6606109	-0.6606109	0	00.34	0	00	0	0.01	0.01	1	0.1	
21.54	0.34	-0.6606109	-0.6606109	0	00.34	0	00	0	0.01	0.01	1	0.1	
21.56	0.34	-0.6606109	-0.6606109	0	00.34	0	00	0	0.01	0.01	1	0.1	
21.58	0.34	-0.6606109	-0.6606109	0	00.34	0	00	0	0.01	0.01	1	0.1	
21.6	0.34	-0.6606109	-0.6606109	0	00.34	0	00	0	0.01	0.01	1	0.1	
21.62	0.34	-0.6606109	-0.6606109	0	00.34	0	00	0	0.01	0.01	1	0.1	
21.64	0.34	-0.6606109	-0.6606109	0	00.34	0	00	0	0.01	0.01	1	0.1	
21.66	0.34	-0.6606109	-0.6606109	0	00.34	0	00	0	0.01	0.01	1	0.1	
21.68	0.34	-0.6606109	-0.6606109	0	00.34	0	00	0	0.01	0.01	1	0.1	
21.7	0.34	-0.6606109	-0.6606109	0	00.34	0	00	0	0.01	0.01	1	0.1	
21.72	0.34	-0.6606109	-0.6606109	0	00.34	0	00	0	0.01	0.01	1	0.1	
21.74	0.34	-0.6606109	-0.6606109	0	00.34	0	00	0	0.01	0.01	1	0.1	
21.76	0.34	-0.6606109	-0.6606109	0	00.34	0	00	0	0.01	0.01	1	0.1	
21.78	0.34	-0.6606109	-0.6606109	0	00.34	0	00	0	0.01	0.01	1	0.1	
21.8	0.34	-0.6606109	-0.6606109	0	00.34	0	00	0	0.01	0.01	1	0.1	
21.82	0.36	-0.6606109	-0.6606109	0	00.36	1	00	0	0.01	0.01	1	0.1	
21.84	0.38	-0.6606109	-0.6606109	0	00.38	1	00	0	0.01	0.01	1	0.1	
21.86	0.4	-0.6606109	-0.6606109	0	00.4	1	00	0	0.01	0.01	1	0.1	
21.88	0.42	-0.6606109	-0.6606109	0	00.42	1	00	0	0.01	0.01	1	0.1	
21.9	0.4400001	-0.6606109	-0.6606109	0	00.4400001	1	00	0	0.01	0.01	1	0.1	
21.92	0.4600001	-0.6606109	-0.6606109	0	00.4600001	1	00	0	0.01	0.01	1	0.1	
21.94	0.4800001	-0.6606109	-0.6606109	0	00.4800001	1	00	0	0.01	0.01	1	0.1	
21.96	0.5000001	-0.6606109	-0.6606109	0	00.5000001	1	00	0	0.01	0.01	1	0.1	
21.98	0.52	-0.6606109	-0.6606109	0	00.52	1	00	0	0.01	0.01	1	0.1	
22	0.54	-0.6606109	-0.6606109	0	00.54	1	00	0	0.01	0.01	1	0.1	
22.02	0.56	-0.6606109	-0.6606109	0	00.56	1	00	0	0.01	0.01	1	0.1	
22.04	0.58	-0.6606109	-0.6606109	0	00.58	1	00	0	0.01	0.01	1	0.1	
22.06	0.6	-0.6606109	-0.6606109	0	00.6	1	00	0	0.01	0.01	1	0.1	
22.08	0.6199999	-0.6606109	-0.6606109	0	00.6199999	1	00	0	0.01	0.01	1	0.1	
22.1	0.6399999	-0.6606109	-0.6606109	0	00.6399999	1	00	0	0.01	0.01	1	0.1	
22.12	0.6599999	-0.6606109	-0.6606109	0	00.6599999	1	00	0	0.01	0.01	1	0.1	
22.14	0.6799999	-0.6606109	-0.6606109	0	00.6799999	1	00	0	0.01	0.01	1	0.1	
22.16	0.6999999	-0.6606109	-0.6606109	0	00.6999999	1	00	0	0.01	0.01	1	0.1	
22.18	0.7199998	-0.6606109	-0.6606109	0	00.7199998	1	00	0	0.01	0.01	1	0.1	
22.2	0.7399998	-0.6606109	-0.6606109	0	00.7399998	1	00	0	0.01	0.01	1	0.1	
22.22	0.7599998	-0.6606109	-0.6606109	0	00.7599998	1	00	0	0.01	0.01	1	0.1	
22.24	0.7799998	-0.6606109	-0.6606109	0	00.7799998	1	00	0	0.01	0.01	1	0.1	
22.26	0.7999998	-0.6606109	-0.6606109	0	00.7999998	1	00	0	0.01	0.01	1	0.1	
22.28	0.8199998	-0.6606109	-0.6606109	0	00.8199998	1	00	0	0.01	0.01	1	0.1	
22.3	0.8399997	-0.6606109	-0.6606109	0	00.8399997	1	00	0	0.01	0.01	1	0.1	
22.32	0.8599997	-0.6606109	-0.6606109	0	00.8599997	1	00	0	0.01	0.01	1	0.1	
22.34	0.8799997	-0.6606109	-0.6606109	0	00.8799997	1	00	0	0.01	0.01	1	0.1	
22.36	0.8999997	-0.6606109	-0.6606109	0	00.8999997	1	00	0	0.01	0.01	1	0.1	
22.38	0.9199997	-0.6606109	-0.6606109	0	00.9199997	1	00	0	0.01	0.01	1	0.1	
22.4	0.9399996	-0.6606109	-0.6606109	0	00.9399996	1	00	0	0.01	0.01	1	0.1	
22.42	0.9599996	-0.6606109	-0.6606109	0	00.9599996	1	00	0	0.01	0.01	1	0.1	
22.44	0.9799996	-0.6606109	-0.6606109	0	00.9799996	1	00	0	0.01	0.01	1	0.1	
22.46	0.9999996	-0.6606109	-0.6606109	0	00.9999996	1	00	0	0.01	0.01	1	0.1	
22.48	0.9999996	-0.6606109	-0.6606109	0	00.9999996	0	00	0	0.01	0.01	1	0.1	
22.5	0.9999996	-0.6606109	-0.6606109	0	00.9999996	0	00	0	0.01	0.01	1	0.1	
22.52	0.9999996	-0.6606109	-0.6606109	0	00.9999996	0	00	0	0.01	0.01	1	0.1	
22.54	0.9999996	-0.6606109	-0.6606109	0	00.9999996	0	00	0	0.01	0.01	1	0.1	
22.56	0.9999996	-0.6606109	-0.6606109	0	00.9999996	0	00	0	0.01	0.01	1	0.1	
22.58	0.9999996	-0.6606109	-0.6606109	0	00.9999996	0	00	0	0.01	0.01	1	0.1	
22.6	0.9999996	-0.6606109	-0.6606109	0	00.9999996	0	00	0	0.01	0.01	1	0.1	
22.62	0.9999996	-0.6606109	-0.6606109	0	00.9999996	0	00	0	0.01	0.01	1	0.1	
22.64	0.9999996	-0.6606109	-0.6606109	0	00.9999996	0	00	0	0.01	0.01	1	0.1	
22.66	0.9999996	-0.6606109	-0.6606109	0	00.9999996	0	00	0	0.01	0.01	1	0.1	
22.68	0.9999996	-0.6606109	-0.6606109	0	00.9999996	0	00	0	0.01	0.01	1	0.1	
22.7	0.9999996	-0.6606109	-0.6606109	0	00.9999996	0	00	0	0.01	0.01	1	0.1	
22.72	0.9999996	-0.6606109	-0.6606109	0	00.9999996	0	00	0	0.01	0.01	1	0.1	
22.74	0.9999996	-0.6606109	-0.6606109	0	00.9999996	0	00	0	0.01	0.01	1	0.1	
22.76	0.9999996	-0.6606109	-0.6606109	0	00.9999996	0	00	0	0.01	0.01	1	0.1	
22.78	0.9999996	-0.6606109	-0.6606109	0	00.9999996	0	00	0	0.01	0.01	1	0.1	
22.8	0.9999996	-0.6606109	-0.6606109	0	00.9999996	0	00	0	0.01	0.01	1	0.1	
22.82	0.9999996	-0.6606109	-0.6606109	0	00.9999996	0	00	0	0.01	0.01	1	0.1	
22.84	0.9999996	-0.6606109	-0.6606109	0	00.9999996	0	00	0	0.01	0.01	1	0.1	
22.86	0.9999996	-0.6606109	-0.6606109	0	00.9999996	0	00	0	0.01	0.01	1	0.1	
22.88	0.9999996	-0.6606109	-0.6606109	0	00.9999996	0	00	0	0.01	0.01	1	0.1	
22.9	0.9999996	-0.6606109	-0.6606109	0	00.9999996	0	00	0	0.01	0.01	1	0.1	
22.92	0.9999996	-0.6606109	-0.6606109	0	00.9999996	0	00	0	0.01	0.01	1	0.1	
22.94	0.9999996	-0.6606109	-0.6606109	0	00.9999996	0	00	0	0.01	0.01	1	0.1	
22.96	0.9999996	-0.6606109	-0.6606109	0	00.9999996	0	00	0	0.01	0.01	1	0.1	
22.98	0.9999996	-0.6606109	-0.6606109	0	00.9999996	0	00	0	0.01	0.01	1	0.1	
23	0.9999996	-0.6606109	-0.6606109	0	00.9999996	0	00	0	0.01	0.01	1	0.1	
23.02	0.9999996	-0.6606109	-0.6606109	0	00.9999996	0	00	0	0.01	0.01	1	0.1	
23.04	0.9999996	-0.6606109	-0.6606109	0	00.9999996	0	00	0	0.01	0.01	1	0.1	
23.06	0.9999996	-0.6606109	-0.6606109	0	00.9999996	0	00	0	0.01	0.01	1	0.1	
23.08	0.9999996	-0.6606109	-0.6606109	0	00.9999996	0	00	0	0.01	0.01	1	0.1	
23.1	0.9999996	-0.6606109	-0.6606109	0	00.9999996	0	00	0	0.01	0.01	1	0.1	
23.12	0.9999996	-0.6606109	-0.6606109	0	00.9999996	0	00	0	0.01	0.01	1	0.1	
23.14	0.9799996	-0.6606109	-0.6606109	0	00.9799996	-1	00	0	0.01	0.01	1	0.1	
23.16	0.9599996	-0.6606109	-0.6606109	0	00.9599996	-1	00	0	0.01	0.01	1	0.1	
23.18	0.9399996	-0.6606109	-0.6606109	0	00.9399996	-1	00	0	0.01	0.01	1	0.1	
23.2	0.9199997	-0.6606109	-0.6606109	0	00.9199997	-1	00	0	0.01	0.01	1	0.1	
23.22	0.8999997	-0.6606109	-0.6606109	0	00.8999997	-1	00	0	0.01	0.01	1	0.1	
23.24	0.8799997	-0.6606109	-0.6606109	0	00.8799997	-1	00	0	0.01	0.01	1	0.1	
23.26	0.8599997	-0.6606109	-0.6606109	0	00.8599997	-1	00	0	0.01	0.01	1	0.1	
23.28	0.8399997	-0.6606109	-0.6606109	0	00.8399997	-1	00	0	0.01	0.01	1	0.1	
23.3	0.8199998	-0.6606109	-0.6606109	0	00.8199998	-1	00	0	0.01	0.01	1	0.1	
23.32	0.7999998	-0.6606109	-0.6606109	0	00.7999998	-1	00	0	0.01	0.01	1	0.1	
23.34	0.7799998	-0.6606109	-0.6606109	0	00.7799998	-1	00	0	0.01	0.01	1	0.1	
23.36	0.7599998	-0.6606109	-0.6606109	0	00.7599998	-1	00	0	0.01	0.01	1	0.1	
23.38	0.7399998	-0.6606109	-0.6606109	0	00.7399998	-1	00	0	0.01	0.01	1	0.1	
23.4	0.7199998	-0.6606109	-0.6606109	0	00.7199998	-1	00	0	0.01	0.01	1	0.1	
23.42	0.6999999	-0.6606109	-0.6606109	0	00.6999999	-1	00	0	0.01	0.01	1	0.1	
23.44	0.6799999	-0.6606109	-0.6606109	0	00.6799999	-1	00	0	0.01	0.01	1	0.1	
23.46	0.6599999	-0.6606109	-0.6606109	0	00.6599999	-1	00	0	0.01	0.01	1	0.1	
23.48	0.6399999	-0.6606109	-0.6606109	0	00.6399999	-1	00	0	0.01	0.01	1	0.1	
23.5	0.6199999	-0.6606109	-0.6606109	0	00.6199999	-1	00	0	0.01	0.01	1	0.1	
23.52	0.6	-0.6606109	-0.6606109	0	00.6	-1	00	0	0.01	0.01	1	0.1	
23.54	0.58	-0.6606109	-0.6606109	0	00.58	-1	00	0	0.01	0.01	1	0.1	
23.56	0.56	-0.6606109	-0.6606109	0	00.56	-1	00	0	0.01	0.01	1	0.1	
23.58	0.54	-0.6606109	-0.6606109	0	00.54	-1	00	0	0.01	0.01	1	0.1	
23.6	0.52	-0.6606109	-0.6606109	0	00.52	-1	00	0	0.01	0.01	1	0.1	
23.62	0.5000001	-0.6606109	-0.6606109	0	00.5000001	-1	00	0	0.01	0.01	1	0.1	
23.64	0.48	-0.6606109	-0.6606109	0	00.48	-1	00	0	0.01	0.01	1	0.1	
23.66	0.46	-0.6606109	-0.6606109	0	00.46	-1	00	0	0.01	0.01	1	0.1	
23.68	0.44	-0.6606109	-0.6606109	0	00.44	-1	00	0	0.01	0.01	1	0.1	
23.7	0.42	-0.6606109	-0.6606109	0	00.42	-1	00	0	0.01	0.01	1	0.1	
23.72	0.4	-0.6606109	-0.6606109	0	00.4	-1	00	0	0.01	0.01	1	0.1	
23.74	0.38	-0.6606109	-0.6606109	0	00.38	-1	00	0	0.01	0.01	1	0.1	
23.76	0.36	-0.6606109	-0.6606109	0	00.36	-1	00	0	0.01	0.01	1	0.1	
23.78	0.34	-0.6606109	-0.6606109	0	00.34	-1	00	0	0.01	0.01	1	0.1	
23.8	0.32	-0.6606109	-0.6606109	0	00.32	-1	00	0	0.01	0.01	1	0.1	
23.82	0.3	-0.6606109	-0.6606109	0	00.3	-1	00	0	0.01	0.01	1	0.1	
23.84	0.2799999	-0.6606109	-0.6606109	0	00.2799999	-1	00	0	0.01	0.01	1	0.1	
23.86	0.2599999	-0.6606109	-0.6606109	0	00.2599999	-1	00	0	0.01	0.01	1	0.1	
23.88	0.2399999	-0.6606109	-0.6606109	0	00.2399999	-1	00	0	0.01	0.01	1	0.1	
23.9	0.2199999	-0.6606109	-0.6606109	0	00.2199999	-1	00	0	0.01	0.01	1	0.1	
23.92	0.1999999	-0.6606109	-0.6606109	0	00.1999999	-1	00	0	0.01	0.01	1	0.1	
23.94	0.1799999	-0.6606109	-0.6606109	0	00.1799999	-1	00	0	0.01	0.01	1	0.1	
23.96	0.16	-0.6606109	-0.6606109	0	00.16	-1	00	0	0.01	0.01	1	0.1	
23.98	0.14	-0.6606109	-0.6606109	0	00.14	-1	00	0	0.01	0.01	1	0.1	
24	0.12	-0.6606109	-0.6606109	0	00.12	-1	00	0	0.01	0.01	1	0.1	
24.02	0.09999996	-0.6606109	-0.6606109	0	00.09999996	-1	00	0	0.01	0.01	1	0.1	
24.04	0.07999997	-0.6606109	-0.6606109	0	00.07999997	-1	00	0	0.01	0.01	1	0.1	
24.06	0.05999997	-0.6606109	-0.6606109	0	00.05999997	-1	00	0	0.01	0.01	1	0.1	
24.08	0.03999997	-0.6606109	-0.6606109	0	00.03999997	-1	00	0	0.01	0.01	1	0.1	
24.1	0.01999997	-0.6606109	-0.6606109	0	00.01999997	-1	00	0	0.01	0.01	1	0.1	
24.12	-2.980232E-08	-0.6606109	-0.6606109	0	0-2.980232E-08	-1	00	0	0.01	0.01	1	0.1	
24.14	-2.980232E-08	-0.6406109	-0.6406109	1	0-2.980232E-08	0	00	0	0.01	0.01	1	0.1	
24.16	-2.980232E-08	-0.620611	-0.620611	1	0-2.980232E-08	0	00	0	0.01	0.01	1	0.1	
24.18	-2.980232E-08	-0.600611	-0.600611	1	0-2.980232E-08	0	00	0	0.01	0.01	1	0.1	
24.2	-2.980232E-08	-0.580611	-0.580611	1	0-2.980232E-08	0	00	0	0.01	0.01	1	0.1	
24.22	-2.980232E-08	-0.560611	-0.560611	1	0-2.980232E-08	0	00	0	0.01	0.01	1	0.1	
24.24	-2.980232E-08	-0.540611	-0.540611	1	0-2.980232E-08	0	00	0	0.01	0.01	1	0.1	
24.26	-2.980232E-08	-0.520611	-0.520611	1	0-2.980232E-08	0	00	0	0.01	0.01	1	0.1	
24.28	-2.980232E-08	-0.5006111	-0.5006111	1	0-2.980232E-08	0	00	0	0.01	0.01	1	0.1	
24.3	-2.980232E-08	-0.4806111	-0.4806111	1	0-2.980232E-08	0	00	0	0.01	0.01	1	0.1	
24.32	-2.980232E-08	-0.460611	-0.460611	1	0-2.980232E-08	0	00	0	0.01	0.01	1	0.1	
24.34	-2.980232E-08	-0.440611	-0.440611	1	0-2.980232E-08	0	00	0	0.01	0.01	1	0.1	
24.36	-2.980232E-08	-0.420611	-0.420611	1	0-2.980232E-08	0	00	0	0.01	0.01	1	0.1	
24.38	-2.980232E-08	-0.400611	-0.400611	1	0-2.980232E-08	0	00	0	0.01	0.01	1	0.1	
24.4	-2.980232E-08	-0.380611	-0.380611	1	0-2.980232E-08	0	00	0	0.01	0.01	1	0.1	
24.42	-2.980232E-08	-0.360611	-0.360611	1	0-2.980232E-08	0	00	0	0.01	0.01	1	0.1	
24.44	-2.980232E-08	-0.340611	-0.340611	1	0-2.980232E-08	0	00	0	0.01	0.01	1	0.1	
24.46	-2.980232E-08	-0.320611	-0.320611	1	0-2.980232E-08	0	00	0	0.01	0.01	1	0.1	
24.48	-2.980232E-08	-0.300611	-0.300611	1	0-2.980232E-08	0	00	0	0.01	0.01	1	0.1	
24.5	-2.980232E-08	-0.2806109	-0.2806109	1	0-2.980232E-08	0	00	0	0.01	0.01	1	0.1	
24.52	-2.980232E-08	-0.2606109	-0.2606109	1	0-2.980232E-08	0	00	0	0.01	0.01	1	0.1	
24.54	-2.980232E-08	-0.2406109	-0.2406109	1	0-2.980232E-08	0	00	0	0.01	0.01	1	0.1	
24.56	-2.980232E-08	-0.2206109	-0.2206109	1	0-2.980232E-08	0	00	0	0.01	0.01	1	0.1	
24.58	-2.980232E-08	-0.200611	-0.200611	1	0-2.980232E-08	0	00	0	0.01	0.01	1	0.1	
24.6	-2.980232E-08	-0.180611	-0.180611	1	0-2.980232E-08	0	00	0	0.01	0.01	1	0.1	
24.62	-2.980232E-08	-0.160611	-0.160611	1	0-2.980232E-08	0	00	0	0.01	0.01	1	0.1	
24.64	-2.980232E-08	-0.140611	-0.140611	1	0-2.980232E-08	0	00	0	0.01	0.01	1	0.1	
24.66	-2.980232E-08	-0.120611	-0.120611	1	0-2.980232E-08	0	00	0	0.01	0.01	1	0.1	
24.68	-2.980232E-08	-0.100611	-0.100611	1	0-2.980232E-08	0	00	0	0.01	0.01	1	0.1	
24.7	-2.980232E-08	-0.08061098	-0.08061098	1	0-2.980232E-08	0	00	0	0.01	0.01	1	0.1	
24.72	-2.980232E-08	-0.06061098	-0.06061098	1	0-2.980232E-08	0	00	0	0.01	0.01	1	0.1	
24.74	-2.980232E-08	-0.04061098	-0.04061098	1	0-2.980232E-08	0	00	0	0.01	0.01	1	0.1	
24.76	-2.980232E-08	-0.02061098	-0.02061098	1	0-2.980232E-08	0	00	0	0.01	0.01	1	0.1	
24.78	-2.980232E-08	-0.0006109774	-0.0006109774	1	0-2.980232E-08	0	00	0	0.01	0.01	1	0.1	
24.8	-2.980232E-08	0.01938902	0.01938902	1	0-2.980232E-08	0	00	0	0.01	0.01	1	0.1	
24.82	0.01999997	0.01938902	0.01938902	0	00.01999997	1	00	0	0.01	0.01	1	0.1	
24.84	0.03999997	0.01938902	0.01938902	0	00.03999997	1	00	0	0.01	0.01	1	0.1	
24.86	0.05999997	0.01938902	0.01938902	0	00.05999997	1	00	0	0.01	0.01	1	0.1	
24.88	0.07999997	0.01938902	0.01938902	0	00.07999997	1	00	0	0.01	0.01	1	0.1	
24.9	0.09999996	0.01938902	0.01938902	0	00.09999996	1	00	0	0.01	0.01	1	0.1	
24.92	0.12	0.01938902	0.01938902	0	00.12	1	00	0	0.01	0.01	1	0.1	
24.94	0.14	0.01938902	0.01938902	0	00.14	1	00	0	0.01	0.01	1	0.1	
24.96	0.16	0.01938902	0.01938902	0	00.16	1	00	0	0.01	0.01	1	0.1	
24.98	0.1799999	0.01938902	0.01938902	0	00.1799999	1	00	0	0.01	0.01	1	0.1	
25	0.1999999	0.01938902	0.01938902	0	00.1999999	1	00	0	0.01	0.01	1	0.1	
25.02	0.2199999	0.01938902	0.01938902	0	00.2199999	1	00	0	0.01	0.01	1	0.1	
25.04	0.2399999	0.01938902	0.01938902	0	00.2399999	1	00	0	0.01	0.01	1	0.1	
25.06	0.2599999	0.01938902	0.01938902	0	00.2599999	1	00	0	0.01	0.01	1	0.1	
25.08	0.2799999	0.01938902	0.01938902	0	00.2799999	1	00	0	0.01	0.01	1	0.1	
25.1	0.3	0.01938902	0.01938902	0	00.3	1	00	0	0.01	0.01	1	0.1	
25.12	0.32	0.01938902	0.01938902	0	00.32	1	00	0	0.01	0.01	1	0.1	
25.14	0.34	0.03938902	0.03938902	1	00.34	1	00	0	0.01	0.01	1	0.1	
25.16	0.36	0.05938902	0.05938902	1	00.36	1	00	0	0.01	0.01	1	0.1	
25.18	0.38	0.07938902	0.07938902	1	00.38	1	00	0	0.01	0.01	1	0.1	
25.2	0.4	0.09938902	0.09938902	1	00.4	1	00	0	0.01	0.01	1	0.1	
25.22	0.42	0.119389	0.119389	1	00.42	1	00	0	0.01	0.01	1	0.1	
25.24	0.44	0.139389	0.139389	1	00.44	1	00	0	0.01	0.01	1	0.1	
25.26	0.46	0.159389	0.159389	1	00.46	1	00	0	0.01	0.01	1	0.1	
25.28	0.48	0.179389	0.179389	1	00.48	1	00	0	0.01	0.01	1	0.1	
25.3	0.5000001	0.199389	0.199389	1	00.5000001	1	00	0	0.01	0.01	1	0.1	
25.32	0.52	0.219389	0.219389	1	00.52	1	00	0	0.01	0.01	1	0.1	
25.34	0.54	0.239389	0.239389	1	00.54	1	00	0	0.01	0.01	1	0.1	
25.36	0.56	0.259389	0.259389	1	00.56	1	00	0	0.01	0.01	1	0.1	
25.38	0.58	0.279389	0.279389	1	00.58	1	00	0	0.01	0.01	1	0.1	
25.4	0.6	0.299389	0.299389	1	00.6	1	00	0	0.01	0.01	1	0.1	
25.42	0.6199999	0.319389	0.319389	1	00.6199999	1	00	0	0.01	0.01	1	0.1	
25.44	0.6399999	0.339389	0.339389	1	00.6399999	1	00	0	0.01	0.01	1	0.1	
25.46	0.6599999	0.359389	0.359389	1	00.6599999	1	00	0	0.01	0.01	1	0.1	
25.48	0.6799999	0.359389	0.359389	0	00.6799999	1	00	0	0.01	0.01	1	0.1	
25.5	0.6999999	0.359389	0.359389	0	00.6999999	1	00	0	0.01	0.01	1	0.1	
25.52	0.7199998	0.359389	0.359389	0	00.7199998	1	00	0	0.01	0.01	1	0.1	
25.54	0.7399998	0.359389	0.359389	0	00.7399998	1	00	0	0.01	0.01	1	0.1	
25.56	0.7599998	0.359389	0.359389	0	00.7599998	1	00	0	0.01	0.01	1	0.1	
25.58	0.7799998	0.359389	0.359389	0	00.7799998	1	00	0	0.01	0.01	1	0.1	
25.6	0.7999998	0.359389	0.359389	0	00.7999998	1	00	0	0.01	0.01	1	0.1	
25.62	0.8199998	0.359389	0.359389	0	00.8199998	1	00	0	0.01	0.01	1	0.1	
25.64	0.8399997	0.359389	0.359389	0	00.8399997	1	00	0	0.01	0.01	1	0.1	
25.66	0.8599997	0.359389	0.359389	0	00.8599997	1	00	0	0.01	0.01	1	0.1	
25.68	0.8799997	0.359389	0.359389	0	00.8799997	1	00	0	0.01	0.01	1	0.1	
25.7	0.8999997	0.359389	0.359389	0	00.8999997	1	00	0	0.01	0.01	1	0.1	
25.72	0.9199997	0.359389	0.359389	0	00.9199997	1	00	0	0.01	0.01	1	0.1	
25.74	0.9399996	0.359389	0.359389	0	00.9399996	1	00	0	0.01	0.01	1	0.1	
25.76	0.9599996	0.359389	0.359389	0	00.9599996	1	00	0	0.01	0.01	1	0.1	
25.78	0.9799996	0.359389	0.359389	0	00.9799996	1	00	0	0.01	0.01	1	0.1	
25.8	0.9999996	0.359389	0.359389	0	00.9999996	1	00	0	0.01	0.01	1	0.1	
25.82	0.9999996	0.339389	0.339389	-1	00.9999996	0	00	0	0.01	0.01	1	0.1	
25.84	0.9999996	0.319389	0.319389	-1	00.9999996	0	00	0	0.01	0.01	1	0.1	
25.86	0.9999996	0.299389	0.299389	-1	00.9999996	0	00	0	0.01	0.01	1	0.1	
25.88	0.9999996	0.279389	0.279389	-1	00.9999996	0	00	0	0.01	0.01	1	0.1	
25.9	0.9999996	0.259389	0.259389	-1	00.9999996	0	00	0	0.01	0.01	1	0.1	
25.92	0.9999996	0.239389	0.239389	-1	00.9999996	0	00	0	0.01	0.01	1	0.1	
25.94	0.9999996	0.219389	0.219389	-1	00.9999996	0	00	0	0.01	0.01	1	0.1	
25.96	0.9999996	0.199389	0.199389	-1	00.9999996	0	00	0	0.01	0.01	1	0.1	
25.98	0.9999996	0.179389	0.179389	-1	00.9999996	0	00	0	0.01	0.01	1	0.1	
26	0.9999996	0.159389	0.159389	-1	00.9999996	0	00	0	0.01	0.01	1	0.1	
26.02	0.9999996	0.139389	0.139389	-1	00.9999996	0	00	0	0.01	0.01	1	0.1	
26.04	0.9999996	0.119389	0.119389	-1	00.9999996	0	00	0	0.01	0.01	1	0.1	
26.06	0.9999996	0.09938902	0.09938902	-1	00.9999996	0	00	0	0.01	0.01	1	0.1	
26.08	0.9999996	0.07938902	0.07938902	-1	00.9999996	0	00	0	0.01	0.01	1	0.1	
26.1	0.9999996	0.05938902	0.05938902	-1	00.9999996	0	00	0	0.01	0.01	1	0.1	
26.12	0.9999996	0.03938902	0.03938902	-1	00.9999996	0	00	0	0.01	0.01	1	0.1	
26.14	0.9999996	0.01938902	0.01938902	-1	00.9999996	0	00	0	0.01	0.01	1	0.1	
26.16	0.9999996	-0.0006109774	-0.0006109774	-1	00.9999996	0	00	0	0.01	0.01	1	0.1	
26.18	0.9999996	-0.02061098	-0.02061098	-1	00.9999996	0	00	0	0.01	0.01	1	0.1	
26.2	0.9999996	-0.04061098	-0.04061098	-1	00.9999996	0	00	0	0.01	0.01	1	0.1	
26.22	0.9999996	-0.06061098	-0.06061098	-1	00.9999996	0	00	0	0.01	0.01	1	0.1	
26.24	0.9999996	-0.08061098	-0.08061098	-1	00.9999996	0	00	0	0.01	0.01	1	0.1	
26.26	0.9999996	-0.100611	-0.100611	-1	00.9999996	0	00	0	0.01	0.01	1	0.1	
26.28	0.9999996	-0.120611	-0.120611	-1	00.9999996	0	00	0	0.01	0.01	1	0.1	
26.3	0.9999996	-0.140611	-0.140611	-1	00.9999996	0	00	0	0.01	0.01	1	0.1	
26.32	0.9999996	-0.160611	-0.160611	-1	00.9999996	0	00	0	0.01	0.01	1	0.1	
26.34	0.9999996	-0.180611	-0.180611	-1	00.9999996	0	00	0	0.01	0.01	1	0.1	
26.36	0.9999996	-0.200611	-0.200611	-1	00.9999996	0	00	0	0.01	0.01	1	0.1	
26.38	0.9999996	-0.2206109	-0.2206109	-1	00.9999996	0	00	0	0.01	0.01	1	0.1	
26.4	0.9999996	-0.2406109	-0.2406109	-1	00.9999996	0	00	0	0.01	0.01	1	0.1	
26.42	0.9999996	-0.2606109	-0.2606109	-1	00.9999996	0	00	0	0.01	0.01	1	0.1	
26.44	0.9999996	-0.2806109	-0.2806109	-1	00.9999996	0	00	0	0.01	0.01	1	0.1	
26.46	0.9999996	-0.300611	-0.300611	-1	00.9999996	0	00	0	0.01	0.01	1	0.1	
26.48	0.9999996	-0.300611	-0.300611	0	00.9999996	0	00	0	0.01	0.01	1	0.1	
26.5	0.9999996	-0.300611	-0.300611	0	00.9999996	0	00	0	0.01	0.01	1	0.1	
26.52	0.9999996	-0.300611	-0.300611	0	00.9999996	0	00	0	0.01	0.01	1	0.1	
26.54	0.9999996	-0.300611	-0.300611	0	00.9999996	0	00	0	0.01	0.01	1	0.1	
26.56	0.9999996	-0.300611	-0.300611	0	00.9999996	0	00	0	0.01	0.01	1	0.1	
26.58	0.9999996	-0.300611	-0.300611	0	00.9999996	0	00	0	0.01	0.01	1	0.1	
26.6	0.9999996	-0.300611	-0.300611	0	00.9999996	0	00	0	0.01	0.01	1	0.1	
26.62	0.9999996	-0.300611	-0.300611	0	00.9999996	0	00	0	0.01	0.01	1	0.1	
26.64	0.9999996	-0.300611	-0.300611	0	00.9999996	0	00	0	0.01	0.01	1	0.1	
26.66	0.9999996	-0.300611	-0.300611	0	00.9999996	0	00	0	0.01	0.01	1	0.1	
26.68	0.9999996	-0.300611	-0.300611	0	00.9999996	0	00	0	0.01	0.01	1	0.1	
26.7	0.9999996	-0.300611	-0.300611	0	00.9999996	0	00	0	0.01	0.01	1	0.1	
26.72	0.9999996	-0.300611	-0.300611	0	00.9999996	0	00	0	0.01	0.01	1	0.1	
26.74	0.9999996	-0.300611	-0.300611	0	00.9999996	0	00	0	0.01	0.01	1	0.1	
26.76	0.9999996	-0.300611	-0.300611	0	00.9999996	0	00	0	0.01	0.01	1	0.1	
26.78	0.9999996	-0.300611	-0.300611	0	00.9999996	0	00	0	0.01	0.01	1	0.1	
26.8	0.9999996	-0.300611	-0.300611	0	00.9999996	0	00	0	0.01	0.01	1	0.1	
26.82	0.9999996	-0.2806109	-0.2806109	1	00.9999996	0	00	0	0.01	0.01	1	0.1	
26.84	0.9999996	-0.2606109	-0.2606109	1	00.9999996	0	00	0	0.01	0.01	1	0.1	
26.86	0.9999996	-0.2406109	-0.2406109	1	00.9999996	0	00	0	0.01	0.01	1	0.1	
26.88	0.9999996	-0.2206109	-0.2206109	1	00.9999996	0	00	0	0.01	0.01	1	0.1	
26.9	0.9999996	-0.200611	-0.200611	1	00.9999996	0	00	0	0.01	0.01	1	0.1	
26.92	0.9999996	-0.180611	-0.180611	1	00.9999996	0	00	0	0.01	0.01	1	0.1	
26.94	0.9999996	-0.160611	-0.160611	1	00.9999996	0	00	0	0.01	0.01	1	0.1	
26.96	0.9999996	-0.140611	-0.140611	1	00.9999996	0	00	0	0.01	0.01	1	0.1	
26.98	0.9999996	-0.120611	-0.120611	1	00.9999996	0	00	0	0.01	0.01	1	0.1	
27	0.9999996	-0.100611	-0.100611	1	00.9999996	0	00	0	0.01	0.01	1	0.1	
27.02	0.9999996	-0.08061098	-0.08061098	1	00.9999996	0	00	0	0.01	0.01	1	0.1	
27.04	0.9999996	-0.06061098	-0.06061098	1	00.9999996	0	00	0	0.01	0.01	1	0.1	
27.06	0.9999996	-0.04061098	-0.04061098	1	00.9999996	0	00	0	0.01	0.01	1	0.1	
27.08	0.9999996	-0.02061098	-0.02061098	1	00.9999996	0	00	0	0.01	0.01	1	0.1	
27.1	0.9999996	-0.0006109774	-0.0006109774	1	00.9999996	0	00	0	0.01	0.01	1	0.1	
27.12	0.9999996	0.01938902	0.01938902	1	00.9999996	0	00	0	0.01	0.01	1	0.1	
27.14	0.9999996	0.03938902	0.03938902	1	00.9999996	0	00	0	0.01	0.01	1	0.1	
27.16	0.9999996	0.05938902	0.05938902	1	00.9999996	0	00	0	0.01	0.01	1	0.1	
27.18	0.9999996	0.07938902	0.07938902	1	00.9999996	0	00	0	0.01	0.01	1	0.1	
27.2	0.9999996	0.09938902	0.09938902	1	00.9999996	0	00	0	0.01	0.01	1	0.1	
27.22	0.9999996	0.119389	0.119389	1	00.9999996	0	00	0	0.01	0.01	1	0.1	
27.24	0.9999996	0.139389	0.139389	1	00.9999996	0	00	0	0.01	0.01	1	0.1	
27.26	0.9999996	0.159389	0.159389	1	00.9999996	0	00	0	0.01	0.01	1	0.1	
27.28	0.9999996	0.179389	0.179389	1	00.9999996	0	00	0	0.01	0.01	1	0.1	
27.3	0.9999996	0.199389	0.199389	1	00.9999996	0	00	0	0.01	0.01	1	0.1	
27.32	0.9999996	0.219389	0.219389	1	00.9999996	0	00	0	0.01	0.01	1	0.1	
27.34	0.9999996	0.239389	0.239389	1	00.9999996	0	00	0	0.01	0.01	1	0.1	
27.36	0.9999996	0.259389	0.259389	1	00.9999996	0	00	0	0.01	0.01	1	0.1	
27.38	0.9999996	0.279389	0.279389	1	00.9999996	0	00	0	0.01	0.01	1	0.1	
27.4	0.9999996	0.299389	0.299389	1	00.9999996	0	00	0	0.01	0.01	1	0.1	
27.42	0.9999996	0.319389	0.319389	1	00.9999996	0	00	0	0.01	0.01	1	0.1	
27.44	0.9999996	0.339389	0.339389	1	00.9999996	0	00	0	0.01	0.01	1	0.1	
27.46	0.9999996	0.359389	0.359389	1	00.9999996	0	00	0	0.01	0.01	1	0.1	
27.48	0.9999996	0.359389	0.359389	0	00.9999996	0	00	0	0.01	0.01	1	0.1	
27.5	0.9999996	0.359389	0.359389	0	00.9999996	0	00	0	0.01	0.01	1	0.1	
27.52	0.9999996	0.359389	0.359389	0	00.9999996	0	00	0	0.01	0.01	1	0.1	
27.54	0.9999996	0.359389	0.359389	0	00.9999996	0	00	0	0.01	0.01	1	0.1	
27.56	0.9999996	0.359389	0.359389	0	00.9999996	0	00	0	0.01	0.01	1	0.1	
27.58	0.9999996	0.359389	0.359389	0	00.9999996	0	00	0	0.01	0.01	1	0.1	
27.6	0.9999996	0.359389	0.359389	0	00.9999996	0	00	0	0.01	0.01	1	0.1	
27.62	0.9999996	0.359389	0.359389	0	00.9999996	0	00	0	0.01	0.01	1	0.1	
27.64	0.9999996	0.359389	0.359389	0	00.9999996	0	00	0	0.01	0.01	1	0.1	
27.66	0.9999996	0.359389	0.359389	0	00.9999996	0	00	0	0.01	0.01	1	0.1	
27.68	0.9999996	0.359389	0.359389	0	00.9999996	0	00	0	0.01	0.01	1	0.1	
27.7	0.9999996	0.359389	0.359389	0	00.9999996	0	00	0	0.01	0.01	1	0.1	
27.72	0.9999996	0.359389	0.359389	0	00.9999996	0	00	0	0.01	0.01	1	0.1	
27.74	0.9999996	0.359389	0.359389	0	00.9999996	0	00	0	0.01	0.01	1	0.1	
27.76	0.9999996	0.359389	0.359389	0	00.9999996	0	00	0	0.01	0.01	1	0.1	
27.78	0.9999996	0.359389	0.359389	0	00.9999996	0	00	0	0.01	0.01	1	0.1	
27.8	0.9999996	0.359389	0.359389	0	00.9999996	0	00	0	0.01	0.01	1	0.1	
27.82	0.9999996	0.339389	0.339389	-1	00.9999996	0	00	0	0.01	0.01	1	0.1	
27.84	0.9999996	0.319389	0.319389	-1	00.9999996	0	00	0	0.01	0.01	1	0.1	
27.86	0.9999996	0.299389	0.299389	-1	00.9999996	0	00	0	0.01	0.01	1	0.1	
27.88	0.9999996	0.279389	0.279389	-1	00.9999996	0	00	0	0.01	0.01	1	0.1	
27.9	0.9999996	0.259389	0.259389	-1	00.9999996	0	00	0	0.01	0.01	1	0.1	
27.92	0.9999996	0.239389	0.239389	-1	00.9999996	0	00	0	0.01	0.01	1	0.1	
27.94	0.9999996	0.219389	0.219389	-1	00.9999996	0	00	0	0.01	0.01	1	0.1	
27.96	0.9999996	0.199389	0.199389	-1	00.9999996	0	00	0	0.01	0.01	1	0.1	
27.98	0.9999996	0.179389	0.179389	-1	00.9999996	0	00	0	0.01	0.01	1	0.1	
28	0.9999996	0.159389	0.159389	-1	00.9999996	0	00	0	0.01	0.01	1	0.1	
28.02	0.9999996	0.139389	0.139389	-1	00.9999996	0	00	0	0.01	0.01	1	0.1	
28.04	0.9999996	0.119389	0.119389	-1	00.9999996	0	00	0	0.01	0.01	1	0.1	
28.06	0.9999996	0.09938902	0.09938902	-1	00.9999996	0	00	0	0.01	0.01	1	0.1	
28.08	0.9999996	0.07938902	0.07938902	-1	00.9999996	0	00	0	0.01	0.01	1	0.1	
28.1	0.9999996	0.05938902	0.05938902	-1	00.9999996	0	00	0	0.01	0.01	1	0.1	
28.12	0.9999996	0.03938902	0.03938902	-1	00.9999996	0	00	0	0.01	0.01	1	0.1	
28.14	0.9999996	0.01938902	0.01938902	-1	00.9999996	0	00	0	0.01	0.01	1	0.1	
28.16	0.9999996	-0.0006109774	-0.0006109774	-1	00.9999996	0	00	0	0.01	0.01	1	0.1	
28.18	0.9999996	-0.02061098	-0.02061098	-1	00.9999996	0	00	0	0.01	0.01	1	0.1	
28.2	0.9999996	-0.04061098	-0.04061098	-1	00.9999996	0	00	0	0.01	0.01	1	0.1	
28.22	0.9999996	-0.06061098	-0.06061098	-1	00.9999996	0	00	0	0.01	0.01	1	0.1	
28.24	0.9999996	-0.08061098	-0.08061098	-1	00.9999996	0	00	0	0.01	0.01	1	0.1	
28.26	0.9999996	-0.100611	-0.100611	-1	00.9999996	0	00	0	0.01	0.01	1	0.1	
28.28	0.9999996	-0.120611	-0.120611	-1	00.9999996	0	00	0	0.01	0.01	1	0.1	
28.3	0.9999996	-0.140611	-0.140611	-1	00.9999996	0	00	0	0.01	0.01	1	0.1	
28.32	0.9999996	-0.160611	-0.160611	-1	00.9999996	0	00	0	0.01	0.01	1	0.1	
28.34	0.9999996	-0.180611	-0.180611	-1	00.9999996	0	00	0	0.01	0.01	1	0.1	
28.36	0.9999996	-0.200611	-0.200611	-1	00.9999996	0	00	0	0.01	0.01	1	0.1	
28.38	0.9999996	-0.2206109	-0.2206109	-1	00.9999996	0	00	0	0.01	0.01	1	0.1	
28.4	0.9999996	-0.2406109	-0.2406109	-1	00.9999996	0	00	0	0.01	0.01	1	0.1	
28.42	0.9999996	-0.2606109	-0.2606109	-1	00.9999996	0	00	0	0.01	0.01	1	0.1	
28.44	0.9999996	-0.2806109	-0.2806109	-1	00.9999996	0	00	0	0.01	0.01	1	0.1	
28.46	0.9999996	-0.300611	-0.300611	-1	00.9999996	0	00	0	0.01	0.01	1	0.1	
28.48	0.9999996	-0.320611	-0.320611	-1	00.9999996	0	00	0	0.01	0.01	1	0.1	
28.5	0.9999996	-0.340611	-0.340611	-1	00.9999996	0	00	0	0.01	0.01	1	0.1	
28.52	0.9999996	-0.360611	-0.360611	-1	00.9999996	0	00	0	0.01	0.01	1	0.1	
28.54	0.9999996	-0.380611	-0.380611	-1	00.9999996	0	00	0	0.01	0.01	1	0.1	
28.56	0.9999996	-0.400611	-0.400611	-1	00.9999996	0	00	0	0.01	0.01	1	0.1	
28.58	0.9999996	-0.420611	-0.420611	-1	00.9999996	0	00	0	0.01	0.01	1	0.1	
28.6	0.9999996	-0.440611	-0.440611	-1	00.9999996	0	00	0	0.01	0.01	1	0.1	
28.62	0.9999996	-0.460611	-0.460611	-1	00.9999996	0	00	0	0.01	0.01	1	0.1	
28.64	0.9999996	-0.4806111	-0.4806111	-1	00.9999996	0	00	0	0.01	0.01	1	0.1	
28.66	0.9999996	-0.5006111	-0.5006111	-1	00.9999996	0	00	0	0.01	0.01	1	0.1	
28.68	0.9999996	-0.520611	-0.520611	-1	00.9999996	0	00	0	0.01	0.01	1	0.1	
28.7	0.9999996	-0.540611	-0.540611	-1	00.9999996	0	00	0	0.01	0.01	1	0.1	
28.72	0.9999996	-0.560611	-0.560611	-1	00.9999996	0	00	0	0.01	0.01	1	0.1	
28.74	0.9999996	-0.580611	-0.580611	-1	00.9999996	0	00	0	0.01	0.01	1	0.1	
28.76	0.9999996	-0.600611	-0.600611	-1	00.9999996	0	00	0	0.01	0.01	1	0.1	
28.78	0.9999996	-0.620611	-0.620611	-1	00.9999996	0	00	0	0.01	0.01	1	0.1	
28.8	0.9999996	-0.6406109	-0.6406109	-1	00.9999996	0	00	0	0.01	0.01	1	0.1	
28.82	0.9999996	-0.6406109	-0.6406109	0	00.9999996	0	00	0	0.01	0.01	1	0.1	
28.84	0.9999996	-0.6406109	-0.6406109	0	00.9999996	0	00	0	0.01	0.01	1	0.1	
28.86	0.9999996	-0.6406109	-0.6406109	0	00.9999996	0	00	0	0.01	0.01	1	0.1	
28.88	0.9999996	-0.6406109	-0.6406109	0	00.9999996	0	00	0	0.01	0.01	1	0.1	
28.9	0.9999996	-0.6406109	-0.6406109	0	00.9999996	0	00	0	0.01	0.01	1	0.1	
28.92	0.9999996	-0.6406109	-0.6406109	0	00.9999996	0	00	0	0.01	0.01	1	0.1	
28.94	0.9999996	-0.6406109	-0.6406109	0	00.9999996	0	00	0	0.01	0.01	1	0.1	
28.96	0.9999996	-0.6406109	-0.6406109	0	00.9999996	0	00	0	0.01	0.01	1	0.1	
28.98	0.9999996	-0.6406109	-0.6406109	0	00.9999996	0	00	0	0.01	0.01	1	0.1	
29	0.9999996	-0.6406109	-0.6406109	0	00.9999996	0	00	0	0.01	0.01	1	0.1	
29.02	0.9999996	-0.6406109	-0.6406109	0	00.9999996	0	00	0	0.01	0.01	1	0.1	
29.04	0.9999996	-0.6406109	-0.6406109	0	00.9999996	0	00	0	0.01	0.01	1	0.1	
29.06	0.9999996	-0.6406109	-0.6406109	0	00.9999996	0	00	0	0.01	0.01	1	0.1	
29.08	0.9999996	-0.6406109	-0.6406109	0	00.9999996	0	00	0	0.01	0.01	1	0.1	
29.1	0.9999996	-0.6406109	-0.6406109	0	00.9999996	0	00	0	0.01	0.01	1	0.1	
29.12	0.9999996	-0.6406109	-0.6406109	0	00.9999996	0	00	0	0.01	0.01	1	0.1	
29.14	0.9999996	-0.6406109	-0.6406109	0	00.9999996	0	00	0	0.01	0.01	1	0.1	
29.16	0.9999996	-0.6406109	-0.6406109	0	00.9999996	0	00	0	0.01	0.01	1	0.1	
29.18	0.9999996	-0.6406109	-0.6406109	0	00.9999996	0	00	0	0.01	0.01	1	0.1	
29.2	0.9999996	-0.6406109	-0.6406109	0	00.9999996	0	00	0	0.01	0.01	1	0.1	
29.22	0.9999996	-0.6406109	-0.6406109	0	00.9999996	0	00	0	0.01	0.01	1	0.1	
29.24	0.9999996	-0.6406109	-0.6406109	0	00.9999996	0	00	0	0.01	0.01	1	0.1	
29.26	0.9999996	-0.6406109	-0.6406109	0	00.9999996	0	00	0	0.01	0.01	1	0.1	
29.28	0.9999996	-0.6406109	-0.6406109	0	00.9999996	0	00	0	0.01	0.01	1	0.1	
29.3	0.9999996	-0.6406109	-0.6406109	0	00.9999996	0	00	0	0.01	0.01	1	0.1	
29.32	0.9999996	-0.6406109	-0.6406109	0	00.9999996	0	00	0	0.01	0.01	1	0.1	
29.34	0.9999996	-0.6406109	-0.6406109	0	00.9999996	0	00	0	0.01	0.01	1	0.1	
29.36	0.9999996	-0.6406109	-0.6406109	0	00.9999996	0	00	0	0.01	0.01	1	0.1	
29.38	0.9999996	-0.6406109	-0.6406109	0	00.9999996	0	00	0	0.01	0.01	1	0.1	
29.4	0.9999996	-0.6406109	-0.6406109	0	00.9999996	0	00	0	0.01	0.01	1	0.1	
29.42	0.9999996	-0.6406109	-0.6406109	0	00.9999996	0	00	0	0.01	0.01	1	0.1	
29.44	0.9999996	-0.6406109	-0.6406109	0	00.9999996	0	00	0	0.01	0.01	1	0.1	
29.46	0.9999996	-0.6406109	-0.6406109	0	00.9999996	0	00	0	0.01	0.01	1	0.1	
29.48	0.9999996	-0.6406109	-0.6406109	0	00.9999996	0	00	0	0.01	0.01	1	0.1	
29.5	0.9999996	-0.6406109	-0.6406109	0	00.9999996	0	00	0	0.01	0.01	1	0.1	
29.52	0.9999996	-0.6406109	-0.6406109	0	00.9999996	0	00	0	0.01	0.01	1	0.1	
29.54	0.9999996	-0.6406109	-0.6406109	0	00.9999996	0	00	0	0.01	0.01	1	0.1	
29.56	0.9999996	-0.6406109	-0.6406109	0	00.9999996	0	00	0	0.01	0.01	1	0.1	
29.58	0.9999996	-0.6406109	-0.6406109	0	00.9999996	0	00	0	0.01	0.01	1	0.1	
29.6	0.9999996	-0.6406109	-0.6406109	0	00.9999996	0	00	0	0.01	0.01	1	0.1	
29.62	0.9999996	-0.6406109	-0.6406109	0	00.9999996	0	00	0	0.01	0.01	1	0.1	
29.64	0.9999996	-0.6406109	-0.6406109	0	00.9999996	0	00	0	0.01	0.01	1	0.1	
29.66	0.9999996	-0.6406109	-0.6406109	0	00.9999996	0	00	0	0.01	0.01	1	0.1	
29.68	0.9999996	-0.6406109	-0.6406109	0	00.9999996	0	00	0	0.01	0.01	1	0.1	
29.7	0.9999996	-0.6406109	-0.6406109	0	00.9999996	0	00	0	0.01	0.01	1	0.1	
29.72	0.9999996	-0.6406109	-0.6406109	0	00.9999996	0	00	0	0.01	0.01	1	0.1	
29.74	0.9999996	-0.6406109	-0.6406109	0	00.9999996	0	00	0	0.01	0.01	1	0.1	
29.76	0.9999996	-0.6406109	-0.6406109	0	00.9999996	0	00	0	0.01	0.01	1	0.1	
29.78	0.9999996	-0.6406109	-0.6406109	0	00.9999996	0	00	0	0.01	0.01	1	0.1	
29.8	0.9999996	-0.6406109	-0.6406109	0	00.9999996	0	00	0	0.01	0.01	1	0.1	
29.82	0.9999996	-0.6406109	-0.6406109	0	00.9999996	0	00	0	0.01	0.01	1	0.1	
29.84	0.9999996	-0.6406109	-0.6406109	0	00.9999996	0	00	0	0.01	0.01	1	0.1	
29.86	0.9999996	-0.6406109	-0.6406109	0	00.9999996	0	00	0	0.01	0.01	1	0.1	
29.88	0.9999996	-0.6406109	-0.6406109	0	00.9999996	0	00	0	0.01	0.01	1	0.1	
29.9	0.9999996	-0.6406109	-0.6406109	0	00.9999996	0	00	0	0.01	0.01	1	0.1	
29.92	0.9999996	-0.6406109	-0.6406109	0	00.9999996	0	00	0	0.01	0.01	1	0.1	
29.94	0.9999996	-0.6406109	-0.6406109	0	00.9999996	0	00	0	0.01	0.01	1	0.1	
29.96	0.9999996	-0.6406109	-0.6406109	0	00.9999996	0	00	0	0.01	0.01	1	0.1	
29.98	0.9999996	-0.6406109	-0.6406109	0	00.9999996	0	00	0	0.01	0.01	1	0.1	
30	0.9999996	-0.6406109	-0.6406109	0	00.9999996	0	00	0	0.01	0.01	1	0.1	
30.02	0.9999996	-0.6406109	-0.6406109	0	00.9999996	0	00	0	0.01	0.01	1	0.1	
30.04	0.9999996	-0.6406109	-0.6406109	0	00.9999996	0	00	0	0.01	0.01	1	0.1	
30.06	0.9999996	-0.6406109	-0.6406109	0	00.9999996	0	00	0	0.01	0.01	1	0.1	
30.08	0.9999996	-0.6406109	-0.6406109	0	00.9999996	0	00	0	0.01	0.01	1	0.1	
30.1	0.9999996	-0.6406109	-0.6406109	0	00.9999996	0	00	0	0.01	0.01	1	0.1	
30.12	0.9999996	-0.6406109	-0.6406109	0	00.9999996	0	00	0	0.01	0.01	1	0.1	
30.14	0.9999996	-0.6406109	-0.6406109	0	00.9999996	0	00	0	0.01	0.01	1	0.1	
30.16	0.9999996	-0.6406109	-0.6406109	0	00.9999996	0	00	0	0.01	0.01	1	0.1	
30.18	0.9999996	-0.6406109	-0.6406109	0	00.9999996	0	00	0	0.01	0.01	1	0.1	
30.2	0.9999996	-0.6406109	-0.6406109	0	00.9999996	0	00	0	0.01	0.01	1	0.1	
30.22	0.9999996	-0.6406109	-0.6406109	0	00.9999996	0	00	0	0.01	0.01	1	0.1	
30.24	0.9999996	-0.6406109	-0.6406109	0	00.9999996	0	00	0	0.01	0.01	1	0.1	
30.26	0.9999996	-0.6406109	-0.6406109	0	00.9999996	0	00	0	0.01	0.01	1	0.1	
30.28	0.9999996	-0.6406109	-0.6406109	0	00.9999996	0	00	0	0.01	0.01	1	0.1	
30.3	0.9999996	-0.6406109	-0.6406109	0	00.9999996	0	00	0	0.01	0.01	1	0.1	
30.32	0.9999996	-0.6406109	-0.6406109	0	00.9999996	0	00	0	0.01	0.01	1	0.1	
30.34	0.9999996	-0.6406109	-0.6406109	0	00.9999996	0	00	0	0.01	0.01	1	0.1	
30.36	0.9999996	-0.6406109	-0.6406109	0	00.9999996	0	00	0	0.01	0.01	1	0.1	
30.38	0.9999996	-0.6406109	-0.6406109	0	00.9999996	0	00	0	0.01	0.01	1	0.1	
30.4	0.9999996	-0.6406109	-0.6406109	0	00.9999996	0	00	0	0.01	0.01	1	0.1	
30.42	0.9999996	-0.6406109	-0.6406109	0	00.9999996	0	00	0	0.01	0.01	1	0.1	
30.44	0.9999996	-0.6406109	-0.6406109	0	00.9999996	0	00	0	0.01	0.01	1	0.1	
30.46	0.9999996	-0.6406109	-0.6406109	0	00.9999996	0	00	0	0.01	0.01	1	0.1	
30.48	0.9999996	-0.6406109	-0.6406109	0	00.9999996	0	00	0	0.01	0.01	1	0.1	
30.5	0.9999996	-0.6406109	-0.6406109	0	00.9999996	0	00	0	0.01	0.01	1	0.1	
30.52	0.9999996	-0.6406109	-0.6406109	0	00.9999996	0	00	0	0.01	0.01	1	0.1	
30.54	0.9999996	-0.6406109	-0.6406109	0	00.9999996	0	00	0	0.01	0.01	1	0.1	
30.56	0.9999996	-0.6406109	-0.6406109	0	00.9999996	0	00	0	0.01	0.01	1	0.1	
30.58	0.9999996	-0.6406109	-0.6406109	0	00.9999996	0	00	0	0.01	0.01	1	0.1	
30.6	0.9999996	-0.6406109	-0.6406109	0	00.9999996	0	00	0	0.01	0.01	1	0.1	
30.62	0.9999996	-0.6406109	-0.6406109	0	00.9999996	0	00	0	0.01	0.01	1	0.1	
30.64	0.9999996	-0.6406109	-0.6406109	0	00.9999996	0	00	0	0.01	0.01	1	0.1	
30.66	0.9999996	-0.6406109	-0.6406109	0	00.9999996	0	00	0	0.01	0.01	1	0.1	
30.68	0.9999996	-0.6406109	-0.6406109	0	00.9999996	0	00	0	0.01	0.01	1	0.1	
30.7	0.9999996	-0.6406109	-0.6406109	0	00.9999996	0	00	0	0.01	0.01	1	0.1	
30.72	0.9999996	-0.6406109	-0.6406109	0	00.9999996	0	00	0	0.01	0.01	1	0.1	
30.74	0.9999996	-0.6406109	-0.6406109	0	00.9999996	0	00	0	0.01	0.01	1	0.1	
30.76	0.9999996	-0.6406109	-0.6406109	0	00.9999996	0	00	0	0.01	0.01	1	0.1	
30.78	0.9999996	-0.6406109	-0.6406109	0	00.9999996	0	00	0	0.01	0.01	1	0.1	
30.8	0.9999996	-0.6406109	-0.6406109	0	00.9999996	0	00	0	0.01	0.01	1	0.1	
30.82	0.9999996	-0.6406109	-0.6406109	0	00.9999996	0	00	0	0.01	0.01	1	0.1	
30.84	0.9999996	-0.6406109	-0.6406109	0	00.9999996	0	00	0	0.01	0.01	1	0.1	
30.86	0.9999996	-0.6406109	-0.6406109	0	00.9999996	0	00	0	0.01	0.01	1	0.1	
30.88	0.9999996	-0.6406109	-0.6406109	0	00.9999996	0	00	0	0.01	0.01	1	0.1	
30.9	0.9999996	-0.6406109	-0.6406109	0	00.9999996	0	00	0	0.01	0.01	1	0.1	
30.92	0.9999996	-0.6406109	-0.6406109	0	00.9999996	0	00	0	0.01	0.01	1	0.1	
30.94	0.9999996	-0.6406109	-0.6406109	0	00.9999996	0	00	0	0.01	0.01	1	0.1	
30.96	0.9999996	-0.6406109	-0.6406109	0	00.9999996	0	00	0	0.01	0.01	1	0.1	
30.98	0.9999996	-0.6406109	-0.6406109	0	00.9999996	0	00	0	0.01	0.01	1	0.1	
31	0.9999996	-0.6406109	-0.6406109	0	00.9999996	0	00	0	0.01	0.01	1	0.1	
31.02	0.9999996	-0.6406109	-0.6406109	0	00.9999996	0	00	0	0.01	0.01	1	0.1	
31.04	0.9999996	-0.6406109	-0.6406109	0	00.9999996	0	00	0	0.01	0.01	1	0.1	
31.06	0.9999996	-0.6406109	-0.6406109	0	00.9999996	0	00	0	0.01	0.01	1	0.1	
31.08	0.9999996	-0.6406109	-0.6406109	0	00.9999996	0	00	0	0.01	0.01	1	0.1	
31.1	0.9999996	-0.6406109	-0.6406109	0	00.9999996	0	00	0	0.01	0.01	1	0.1	
31.12	0.9999996	-0.6406109	-0.6406109	0	00.9999996	0	00	0	0.01	0.01	1	0.1	
31.14	0.9999996	-0.6406109	-0.6406109	0	00.9999996	0	00	0	0.01	0.01	1	0.1	
31.16	0.9999996	-0.6406109	-0.6406109	0	00.9999996	0	00	0	0.01	0.01	1	0.1	
31.18	0.9999996	-0.6406109	-0.6406109	0	00.9999996	0	00	0	0.01	0.01	1	0.1	
31.2	0.9999996	-0.6406109	-0.6406109	0	00.9999996	0	00	0	0.01	0.01	1	0.1	
31.22	0.9999996	-0.6406109	-0.6406109	0	00.9999996	0	00	0	0.01	0.01	1	0.1	
31.24	0.9999996	-0.6406109	-0.6406109	0	00.9999996	0	00	0	0.01	0.01	1	0.1	
31.26	0.9999996	-0.6406109	-0.6406109	0	00.9999996	0	00	0	0.01	0.01	1	0.1	
31.28	0.9999996	-0.6406109	-0.6406109	0	00.9999996	0	00	0	0.01	0.01	1	0.1	
31.3	0.9999996	-0.6406109	-0.6406109	0	00.9999996	0	00	0	0.01	0.01	1	0.1	
31.32	0.9999996	-0.6406109	-0.6406109	0	00.9999996	0	00	0	0.01	0.01	1	0.1	
31.34	0.9999996	-0.6406109	-0.6406109	0	00.9999996	0	00	0	0.01	0.01	1	0.1	
31.36	0.9999996	-0.6406109	-0.6406109	0	00.9999996	0	00	0	0.01	0.01	1	0.1	
31.38	0.9999996	-0.6406109	-0.6406109	0	00.9999996	0	00	0	0.01	0.01	1	0.1	
31.4	0.9999996	-0.6406109	-0.6406109	0	00.9999996	0	00	0	0.01	0.01	1	0.1	
31.42	0.9999996	-0.6406109	-0.6406109	0	00.9999996	0	00	0	0.01	0.01	1	0.1	
31.44	0.9999996	-0.6406109	-0.6406109	0	00.9999996	0	00	0	0.01	0.01	1	0.1	
31.46	0.9999996	-0.6406109	-0.6406109	0	00.9999996	0	00	0	0.01	0.01	1	0.1	
31.48	0.9999996	-0.6406109	-0.6406109	0	00.9999996	0	00	0	0.01	0.01	1	0.1	
31.5	0.9999996	-0.6406109	-0.6406109	0	00.9999996	0	00	0	0.01	0.01	1	0.1	
31.52	0.9999996	-0.6406109	-0.6406109	0	00.9999996	0	00	0	0.01	0.01	1	0.1	
31.54	0.9999996	-0.6406109	-0.6406109	0	00.9999996	0	00	0	0.01	0.01	1	0.1	
31.56	0.9999996	-0.6406109	-0.6406109	0	00.9999996	0	00	0	0.01	0.01	1	0.1	
31.58	0.9999996	-0.6406109	-0.6406109	0	00.9999996	0	00	0	0.01	0.01	1	0.1	
31.6	0.9999996	-0.6406109	-0.6406109	0	00.9999996	0	00	0	0.01	0.01	1	0.1	
31.62	0.9999996	-0.6406109	-0.6406109	0	00.9999996	0	00	0	0.01	0.01	1	0.1	
31.64	0.9999996	-0.6406109	-0.6406109	0	00.9999996	0	00	0	0.01	0.01	1	0.1	
31.66	0.9999996	-0.6406109	-0.6406109	0	00.9999996	0	00	0	0.01	0.01	1	0.1	
31.68	0.9999996	-0.6406109	-0.6406109	0	00.9999996	0	00	0	0.01	0.01	1	0.1	
31.7	0.9999996	-0.6406109	-0.6406109	0	00.9999996	0	00	0	0.01	0.01	1	0.1	
31.72	0.9999996	-0.6406109	-0.6406109	0	00.9999996	0	00	0	0.01	0.01	1	0.1	
31.74	0.9999996	-0.6406109	-0.6406109	0	00.9999996	0	00	0	0.01	0.01	1	0.1	
31.76	0.9999996	-0.6406109	-0.6406109	0	00.9999996	0	00	0	0.01	0.01	1	0.1	
31.78	0.9999996	-0.6406109	-0.6406109	0	00.9999996	0	00	0	0.01	0.01	1	0.1	
